/*--------------------------------*- C++ -*----------------------------------*\
| =========                 |                                                 |
| \\      /  F ield         | foam-extend: Open Source CFD                    |
|  \\    /   O peration     | Version:     4.1                                |
|   \\  /    A nd           | Web:         http://www.foam-extend.org         |
|    \\/     M anipulation  |                                                 |
\*---------------------------------------------------------------------------*/
FoamFile
{
    version     2.0;
    format      ascii;
    class       labelList;
    location    "constant/polyMesh";
    object      cellRegionAddressing;
}
// * * * * * * * * * * * * * * * * * * * * * * * * * * * * * * * * * * * * * //


3360
(
0
1
2
3
4
5
6
7
8
9
10
11
12
13
100
101
102
103
104
105
106
107
108
109
110
111
112
113
200
201
202
203
204
205
206
207
208
209
210
211
212
213
300
301
302
303
304
305
306
307
308
309
310
311
312
313
400
401
402
403
404
405
406
407
408
409
410
411
412
413
500
501
502
503
504
505
506
507
508
509
510
511
512
513
600
601
602
603
604
605
606
607
608
609
610
611
612
613
700
701
702
703
704
705
706
707
708
709
710
711
712
713
800
801
802
803
804
805
806
807
808
809
810
811
812
813
900
901
902
903
904
905
906
907
908
909
910
911
912
913
1000
1001
1002
1003
1004
1005
1006
1007
1008
1009
1010
1011
1012
1013
1100
1101
1102
1103
1104
1105
1106
1107
1108
1109
1110
1111
1112
1113
1200
1201
1202
1203
1204
1205
1206
1207
1208
1209
1210
1211
1212
1213
1300
1301
1302
1303
1304
1305
1306
1307
1308
1309
1310
1311
1312
1313
1400
1401
1402
1403
1404
1405
1406
1407
1408
1409
1410
1411
1412
1413
1500
1501
1502
1503
1504
1505
1506
1507
1508
1509
1510
1511
1512
1513
1600
1601
1602
1603
1604
1605
1606
1607
1608
1609
1610
1611
1612
1613
1700
1701
1702
1703
1704
1705
1706
1707
1708
1709
1710
1711
1712
1713
1800
1801
1802
1803
1804
1805
1806
1807
1808
1809
1810
1811
1812
1813
1900
1901
1902
1903
1904
1905
1906
1907
1908
1909
1910
1911
1912
1913
2000
2001
2002
2003
2004
2005
2006
2007
2008
2009
2010
2011
2012
2013
2100
2101
2102
2103
2104
2105
2106
2107
2108
2109
2110
2111
2112
2113
2200
2201
2202
2203
2204
2205
2206
2207
2208
2209
2210
2211
2212
2213
2300
2301
2302
2303
2304
2305
2306
2307
2308
2309
2310
2311
2312
2313
2400
2401
2402
2403
2404
2405
2406
2407
2408
2409
2410
2411
2412
2413
2500
2501
2502
2503
2504
2505
2506
2507
2508
2509
2510
2511
2512
2513
2600
2601
2602
2603
2604
2605
2606
2607
2608
2609
2610
2611
2612
2613
2700
2701
2702
2703
2704
2705
2706
2707
2708
2709
2710
2711
2712
2713
2800
2801
2802
2803
2804
2805
2806
2807
2808
2809
2810
2811
2812
2813
2900
2901
2902
2903
2904
2905
2906
2907
2908
2909
2910
2911
2912
2913
3000
3001
3002
3003
3004
3005
3006
3007
3008
3009
3010
3011
3012
3013
3100
3101
3102
3103
3104
3105
3106
3107
3108
3109
3110
3111
3112
3113
3200
3201
3202
3203
3204
3205
3206
3207
3208
3209
3210
3211
3212
3213
3300
3301
3302
3303
3304
3305
3306
3307
3308
3309
3310
3311
3312
3313
3400
3401
3402
3403
3404
3405
3406
3407
3408
3409
3410
3411
3412
3413
3500
3501
3502
3503
3504
3505
3506
3507
3508
3509
3510
3511
3512
3513
3600
3601
3602
3603
3604
3605
3606
3607
3608
3609
3610
3611
3612
3613
3700
3701
3702
3703
3704
3705
3706
3707
3708
3709
3710
3711
3712
3713
3800
3801
3802
3803
3804
3805
3806
3807
3808
3809
3810
3811
3812
3813
3900
3901
3902
3903
3904
3905
3906
3907
3908
3909
3910
3911
3912
3913
4000
4001
4002
4003
4004
4005
4006
4007
4008
4009
4010
4011
4012
4013
4100
4101
4102
4103
4104
4105
4106
4107
4108
4109
4110
4111
4112
4113
4200
4201
4202
4203
4204
4205
4206
4207
4208
4209
4210
4211
4212
4213
4300
4301
4302
4303
4304
4305
4306
4307
4308
4309
4310
4311
4312
4313
4400
4401
4402
4403
4404
4405
4406
4407
4408
4409
4410
4411
4412
4413
4500
4501
4502
4503
4504
4505
4506
4507
4508
4509
4510
4511
4512
4513
4600
4601
4602
4603
4604
4605
4606
4607
4608
4609
4610
4611
4612
4613
4700
4701
4702
4703
4704
4705
4706
4707
4708
4709
4710
4711
4712
4713
4800
4801
4802
4803
4804
4805
4806
4807
4808
4809
4810
4811
4812
4813
4900
4901
4902
4903
4904
4905
4906
4907
4908
4909
4910
4911
4912
4913
5000
5001
5002
5003
5004
5005
5006
5007
5008
5009
5010
5011
5012
5013
5100
5101
5102
5103
5104
5105
5106
5107
5108
5109
5110
5111
5112
5113
5200
5201
5202
5203
5204
5205
5206
5207
5208
5209
5210
5211
5212
5213
5300
5301
5302
5303
5304
5305
5306
5307
5308
5309
5310
5311
5312
5313
5400
5401
5402
5403
5404
5405
5406
5407
5408
5409
5410
5411
5412
5413
5500
5501
5502
5503
5504
5505
5506
5507
5508
5509
5510
5511
5512
5513
5600
5601
5602
5603
5604
5605
5606
5607
5608
5609
5610
5611
5612
5613
5700
5701
5702
5703
5704
5705
5706
5707
5708
5709
5710
5711
5712
5713
5800
5801
5802
5803
5804
5805
5806
5807
5808
5809
5810
5811
5812
5813
5900
5901
5902
5903
5904
5905
5906
5907
5908
5909
5910
5911
5912
5913
6000
6001
6002
6003
6004
6005
6006
6007
6008
6009
6010
6011
6012
6013
6100
6101
6102
6103
6104
6105
6106
6107
6108
6109
6110
6111
6112
6113
6200
6201
6202
6203
6204
6205
6206
6207
6208
6209
6210
6211
6212
6213
6300
6301
6302
6303
6304
6305
6306
6307
6308
6309
6310
6311
6312
6313
6400
6401
6402
6403
6404
6405
6406
6407
6408
6409
6410
6411
6412
6413
6500
6501
6502
6503
6504
6505
6506
6507
6508
6509
6510
6511
6512
6513
6600
6601
6602
6603
6604
6605
6606
6607
6608
6609
6610
6611
6612
6613
6700
6701
6702
6703
6704
6705
6706
6707
6708
6709
6710
6711
6712
6713
6800
6801
6802
6803
6804
6805
6806
6807
6808
6809
6810
6811
6812
6813
6900
6901
6902
6903
6904
6905
6906
6907
6908
6909
6910
6911
6912
6913
7000
7001
7002
7003
7004
7005
7006
7007
7008
7009
7010
7011
7012
7013
7100
7101
7102
7103
7104
7105
7106
7107
7108
7109
7110
7111
7112
7113
7200
7201
7202
7203
7204
7205
7206
7207
7208
7209
7210
7211
7212
7213
7300
7301
7302
7303
7304
7305
7306
7307
7308
7309
7310
7311
7312
7313
7400
7401
7402
7403
7404
7405
7406
7407
7408
7409
7410
7411
7412
7413
7500
7501
7502
7503
7504
7505
7506
7507
7508
7509
7510
7511
7512
7513
7600
7601
7602
7603
7604
7605
7606
7607
7608
7609
7610
7611
7612
7613
7700
7701
7702
7703
7704
7705
7706
7707
7708
7709
7710
7711
7712
7713
7800
7801
7802
7803
7804
7805
7806
7807
7808
7809
7810
7811
7812
7813
7900
7901
7902
7903
7904
7905
7906
7907
7908
7909
7910
7911
7912
7913
8000
8001
8002
8003
8004
8005
8006
8007
8008
8009
8010
8011
8012
8013
8100
8101
8102
8103
8104
8105
8106
8107
8108
8109
8110
8111
8112
8113
8200
8201
8202
8203
8204
8205
8206
8207
8208
8209
8210
8211
8212
8213
8300
8301
8302
8303
8304
8305
8306
8307
8308
8309
8310
8311
8312
8313
8400
8401
8402
8403
8404
8405
8406
8407
8408
8409
8410
8411
8412
8413
8500
8501
8502
8503
8504
8505
8506
8507
8508
8509
8510
8511
8512
8513
8600
8601
8602
8603
8604
8605
8606
8607
8608
8609
8610
8611
8612
8613
8700
8701
8702
8703
8704
8705
8706
8707
8708
8709
8710
8711
8712
8713
8800
8801
8802
8803
8804
8805
8806
8807
8808
8809
8810
8811
8812
8813
8900
8901
8902
8903
8904
8905
8906
8907
8908
8909
8910
8911
8912
8913
9000
9001
9002
9003
9004
9005
9006
9007
9008
9009
9010
9011
9012
9013
9100
9101
9102
9103
9104
9105
9106
9107
9108
9109
9110
9111
9112
9113
9200
9201
9202
9203
9204
9205
9206
9207
9208
9209
9210
9211
9212
9213
9300
9301
9302
9303
9304
9305
9306
9307
9308
9309
9310
9311
9312
9313
9400
9401
9402
9403
9404
9405
9406
9407
9408
9409
9410
9411
9412
9413
9500
9501
9502
9503
9504
9505
9506
9507
9508
9509
9510
9511
9512
9513
9600
9601
9602
9603
9604
9605
9606
9607
9608
9609
9610
9611
9612
9613
9700
9701
9702
9703
9704
9705
9706
9707
9708
9709
9710
9711
9712
9713
9800
9801
9802
9803
9804
9805
9806
9807
9808
9809
9810
9811
9812
9813
9900
9901
9902
9903
9904
9905
9906
9907
9908
9909
9910
9911
9912
9913
10000
10001
10002
10003
10004
10005
10006
10007
10008
10009
10010
10011
10012
10013
10100
10101
10102
10103
10104
10105
10106
10107
10108
10109
10110
10111
10112
10113
10200
10201
10202
10203
10204
10205
10206
10207
10208
10209
10210
10211
10212
10213
10300
10301
10302
10303
10304
10305
10306
10307
10308
10309
10310
10311
10312
10313
10400
10401
10402
10403
10404
10405
10406
10407
10408
10409
10410
10411
10412
10413
10500
10501
10502
10503
10504
10505
10506
10507
10508
10509
10510
10511
10512
10513
10600
10601
10602
10603
10604
10605
10606
10607
10608
10609
10610
10611
10612
10613
10700
10701
10702
10703
10704
10705
10706
10707
10708
10709
10710
10711
10712
10713
10800
10801
10802
10803
10804
10805
10806
10807
10808
10809
10810
10811
10812
10813
10900
10901
10902
10903
10904
10905
10906
10907
10908
10909
10910
10911
10912
10913
11000
11001
11002
11003
11004
11005
11006
11007
11008
11009
11010
11011
11012
11013
11100
11101
11102
11103
11104
11105
11106
11107
11108
11109
11110
11111
11112
11113
11200
11201
11202
11203
11204
11205
11206
11207
11208
11209
11210
11211
11212
11213
11300
11301
11302
11303
11304
11305
11306
11307
11308
11309
11310
11311
11312
11313
11400
11401
11402
11403
11404
11405
11406
11407
11408
11409
11410
11411
11412
11413
11500
11501
11502
11503
11504
11505
11506
11507
11508
11509
11510
11511
11512
11513
11600
11601
11602
11603
11604
11605
11606
11607
11608
11609
11610
11611
11612
11613
11700
11701
11702
11703
11704
11705
11706
11707
11708
11709
11710
11711
11712
11713
11800
11801
11802
11803
11804
11805
11806
11807
11808
11809
11810
11811
11812
11813
11900
11901
11902
11903
11904
11905
11906
11907
11908
11909
11910
11911
11912
11913
12000
12001
12002
12003
12004
12005
12006
12007
12008
12009
12010
12011
12012
12013
12100
12101
12102
12103
12104
12105
12106
12107
12108
12109
12110
12111
12112
12113
12200
12201
12202
12203
12204
12205
12206
12207
12208
12209
12210
12211
12212
12213
12300
12301
12302
12303
12304
12305
12306
12307
12308
12309
12310
12311
12312
12313
12400
12401
12402
12403
12404
12405
12406
12407
12408
12409
12410
12411
12412
12413
12500
12501
12502
12503
12504
12505
12506
12507
12508
12509
12510
12511
12512
12513
12600
12601
12602
12603
12604
12605
12606
12607
12608
12609
12610
12611
12612
12613
12700
12701
12702
12703
12704
12705
12706
12707
12708
12709
12710
12711
12712
12713
12800
12801
12802
12803
12804
12805
12806
12807
12808
12809
12810
12811
12812
12813
12900
12901
12902
12903
12904
12905
12906
12907
12908
12909
12910
12911
12912
12913
13000
13001
13002
13003
13004
13005
13006
13007
13008
13009
13010
13011
13012
13013
13100
13101
13102
13103
13104
13105
13106
13107
13108
13109
13110
13111
13112
13113
13200
13201
13202
13203
13204
13205
13206
13207
13208
13209
13210
13211
13212
13213
13300
13301
13302
13303
13304
13305
13306
13307
13308
13309
13310
13311
13312
13313
13400
13401
13402
13403
13404
13405
13406
13407
13408
13409
13410
13411
13412
13413
13500
13501
13502
13503
13504
13505
13506
13507
13508
13509
13510
13511
13512
13513
13600
13601
13602
13603
13604
13605
13606
13607
13608
13609
13610
13611
13612
13613
13700
13701
13702
13703
13704
13705
13706
13707
13708
13709
13710
13711
13712
13713
13800
13801
13802
13803
13804
13805
13806
13807
13808
13809
13810
13811
13812
13813
13900
13901
13902
13903
13904
13905
13906
13907
13908
13909
13910
13911
13912
13913
14000
14001
14002
14003
14004
14005
14006
14007
14008
14009
14010
14011
14012
14013
14100
14101
14102
14103
14104
14105
14106
14107
14108
14109
14110
14111
14112
14113
14200
14201
14202
14203
14204
14205
14206
14207
14208
14209
14210
14211
14212
14213
14300
14301
14302
14303
14304
14305
14306
14307
14308
14309
14310
14311
14312
14313
14400
14401
14402
14403
14404
14405
14406
14407
14408
14409
14410
14411
14412
14413
14500
14501
14502
14503
14504
14505
14506
14507
14508
14509
14510
14511
14512
14513
14600
14601
14602
14603
14604
14605
14606
14607
14608
14609
14610
14611
14612
14613
14700
14701
14702
14703
14704
14705
14706
14707
14708
14709
14710
14711
14712
14713
14800
14801
14802
14803
14804
14805
14806
14807
14808
14809
14810
14811
14812
14813
14900
14901
14902
14903
14904
14905
14906
14907
14908
14909
14910
14911
14912
14913
15000
15001
15002
15003
15004
15005
15006
15007
15008
15009
15010
15011
15012
15013
15100
15101
15102
15103
15104
15105
15106
15107
15108
15109
15110
15111
15112
15113
15200
15201
15202
15203
15204
15205
15206
15207
15208
15209
15210
15211
15212
15213
15300
15301
15302
15303
15304
15305
15306
15307
15308
15309
15310
15311
15312
15313
15400
15401
15402
15403
15404
15405
15406
15407
15408
15409
15410
15411
15412
15413
15500
15501
15502
15503
15504
15505
15506
15507
15508
15509
15510
15511
15512
15513
15600
15601
15602
15603
15604
15605
15606
15607
15608
15609
15610
15611
15612
15613
15700
15701
15702
15703
15704
15705
15706
15707
15708
15709
15710
15711
15712
15713
15800
15801
15802
15803
15804
15805
15806
15807
15808
15809
15810
15811
15812
15813
15900
15901
15902
15903
15904
15905
15906
15907
15908
15909
15910
15911
15912
15913
16000
16001
16002
16003
16004
16005
16006
16007
16008
16009
16010
16011
16012
16013
16100
16101
16102
16103
16104
16105
16106
16107
16108
16109
16110
16111
16112
16113
16200
16201
16202
16203
16204
16205
16206
16207
16208
16209
16210
16211
16212
16213
16300
16301
16302
16303
16304
16305
16306
16307
16308
16309
16310
16311
16312
16313
16400
16401
16402
16403
16404
16405
16406
16407
16408
16409
16410
16411
16412
16413
16500
16501
16502
16503
16504
16505
16506
16507
16508
16509
16510
16511
16512
16513
16600
16601
16602
16603
16604
16605
16606
16607
16608
16609
16610
16611
16612
16613
16700
16701
16702
16703
16704
16705
16706
16707
16708
16709
16710
16711
16712
16713
16800
16801
16802
16803
16804
16805
16806
16807
16808
16809
16810
16811
16812
16813
16900
16901
16902
16903
16904
16905
16906
16907
16908
16909
16910
16911
16912
16913
17000
17001
17002
17003
17004
17005
17006
17007
17008
17009
17010
17011
17012
17013
17100
17101
17102
17103
17104
17105
17106
17107
17108
17109
17110
17111
17112
17113
17200
17201
17202
17203
17204
17205
17206
17207
17208
17209
17210
17211
17212
17213
17300
17301
17302
17303
17304
17305
17306
17307
17308
17309
17310
17311
17312
17313
17400
17401
17402
17403
17404
17405
17406
17407
17408
17409
17410
17411
17412
17413
17500
17501
17502
17503
17504
17505
17506
17507
17508
17509
17510
17511
17512
17513
17600
17601
17602
17603
17604
17605
17606
17607
17608
17609
17610
17611
17612
17613
17700
17701
17702
17703
17704
17705
17706
17707
17708
17709
17710
17711
17712
17713
17800
17801
17802
17803
17804
17805
17806
17807
17808
17809
17810
17811
17812
17813
17900
17901
17902
17903
17904
17905
17906
17907
17908
17909
17910
17911
17912
17913
18000
18001
18002
18003
18004
18005
18006
18007
18008
18009
18010
18011
18012
18013
18100
18101
18102
18103
18104
18105
18106
18107
18108
18109
18110
18111
18112
18113
18200
18201
18202
18203
18204
18205
18206
18207
18208
18209
18210
18211
18212
18213
18300
18301
18302
18303
18304
18305
18306
18307
18308
18309
18310
18311
18312
18313
18400
18401
18402
18403
18404
18405
18406
18407
18408
18409
18410
18411
18412
18413
18500
18501
18502
18503
18504
18505
18506
18507
18508
18509
18510
18511
18512
18513
18600
18601
18602
18603
18604
18605
18606
18607
18608
18609
18610
18611
18612
18613
18700
18701
18702
18703
18704
18705
18706
18707
18708
18709
18710
18711
18712
18713
18800
18801
18802
18803
18804
18805
18806
18807
18808
18809
18810
18811
18812
18813
18900
18901
18902
18903
18904
18905
18906
18907
18908
18909
18910
18911
18912
18913
19000
19001
19002
19003
19004
19005
19006
19007
19008
19009
19010
19011
19012
19013
19100
19101
19102
19103
19104
19105
19106
19107
19108
19109
19110
19111
19112
19113
19200
19201
19202
19203
19204
19205
19206
19207
19208
19209
19210
19211
19212
19213
19300
19301
19302
19303
19304
19305
19306
19307
19308
19309
19310
19311
19312
19313
19400
19401
19402
19403
19404
19405
19406
19407
19408
19409
19410
19411
19412
19413
19500
19501
19502
19503
19504
19505
19506
19507
19508
19509
19510
19511
19512
19513
19600
19601
19602
19603
19604
19605
19606
19607
19608
19609
19610
19611
19612
19613
19700
19701
19702
19703
19704
19705
19706
19707
19708
19709
19710
19711
19712
19713
19800
19801
19802
19803
19804
19805
19806
19807
19808
19809
19810
19811
19812
19813
19900
19901
19902
19903
19904
19905
19906
19907
19908
19909
19910
19911
19912
19913
20000
20001
20002
20003
20004
20005
20006
20007
20008
20009
20010
20011
20012
20013
20100
20101
20102
20103
20104
20105
20106
20107
20108
20109
20110
20111
20112
20113
20200
20201
20202
20203
20204
20205
20206
20207
20208
20209
20210
20211
20212
20213
20300
20301
20302
20303
20304
20305
20306
20307
20308
20309
20310
20311
20312
20313
20400
20401
20402
20403
20404
20405
20406
20407
20408
20409
20410
20411
20412
20413
20500
20501
20502
20503
20504
20505
20506
20507
20508
20509
20510
20511
20512
20513
20600
20601
20602
20603
20604
20605
20606
20607
20608
20609
20610
20611
20612
20613
20700
20701
20702
20703
20704
20705
20706
20707
20708
20709
20710
20711
20712
20713
20800
20801
20802
20803
20804
20805
20806
20807
20808
20809
20810
20811
20812
20813
20900
20901
20902
20903
20904
20905
20906
20907
20908
20909
20910
20911
20912
20913
21000
21001
21002
21003
21004
21005
21006
21007
21008
21009
21010
21011
21012
21013
21100
21101
21102
21103
21104
21105
21106
21107
21108
21109
21110
21111
21112
21113
21200
21201
21202
21203
21204
21205
21206
21207
21208
21209
21210
21211
21212
21213
21300
21301
21302
21303
21304
21305
21306
21307
21308
21309
21310
21311
21312
21313
21400
21401
21402
21403
21404
21405
21406
21407
21408
21409
21410
21411
21412
21413
21500
21501
21502
21503
21504
21505
21506
21507
21508
21509
21510
21511
21512
21513
21600
21601
21602
21603
21604
21605
21606
21607
21608
21609
21610
21611
21612
21613
21700
21701
21702
21703
21704
21705
21706
21707
21708
21709
21710
21711
21712
21713
21800
21801
21802
21803
21804
21805
21806
21807
21808
21809
21810
21811
21812
21813
21900
21901
21902
21903
21904
21905
21906
21907
21908
21909
21910
21911
21912
21913
22000
22001
22002
22003
22004
22005
22006
22007
22008
22009
22010
22011
22012
22013
22100
22101
22102
22103
22104
22105
22106
22107
22108
22109
22110
22111
22112
22113
22200
22201
22202
22203
22204
22205
22206
22207
22208
22209
22210
22211
22212
22213
22300
22301
22302
22303
22304
22305
22306
22307
22308
22309
22310
22311
22312
22313
22400
22401
22402
22403
22404
22405
22406
22407
22408
22409
22410
22411
22412
22413
22500
22501
22502
22503
22504
22505
22506
22507
22508
22509
22510
22511
22512
22513
22600
22601
22602
22603
22604
22605
22606
22607
22608
22609
22610
22611
22612
22613
22700
22701
22702
22703
22704
22705
22706
22707
22708
22709
22710
22711
22712
22713
22800
22801
22802
22803
22804
22805
22806
22807
22808
22809
22810
22811
22812
22813
22900
22901
22902
22903
22904
22905
22906
22907
22908
22909
22910
22911
22912
22913
23000
23001
23002
23003
23004
23005
23006
23007
23008
23009
23010
23011
23012
23013
23100
23101
23102
23103
23104
23105
23106
23107
23108
23109
23110
23111
23112
23113
23200
23201
23202
23203
23204
23205
23206
23207
23208
23209
23210
23211
23212
23213
23300
23301
23302
23303
23304
23305
23306
23307
23308
23309
23310
23311
23312
23313
23400
23401
23402
23403
23404
23405
23406
23407
23408
23409
23410
23411
23412
23413
23500
23501
23502
23503
23504
23505
23506
23507
23508
23509
23510
23511
23512
23513
23600
23601
23602
23603
23604
23605
23606
23607
23608
23609
23610
23611
23612
23613
23700
23701
23702
23703
23704
23705
23706
23707
23708
23709
23710
23711
23712
23713
23800
23801
23802
23803
23804
23805
23806
23807
23808
23809
23810
23811
23812
23813
23900
23901
23902
23903
23904
23905
23906
23907
23908
23909
23910
23911
23912
23913
)


// ************************************************************************* //
