/*--------------------------------*- C++ -*----------------------------------*\
| =========                 |                                                 |
| \\      /  F ield         | foam-extend: Open Source CFD                    |
|  \\    /   O peration     | Version:     4.1                                |
|   \\  /    A nd           | Web:         http://www.foam-extend.org         |
|    \\/     M anipulation  |                                                 |
\*---------------------------------------------------------------------------*/
FoamFile
{
    version     2.0;
    format      ascii;
    class       labelList;
    location    "constant/polyMesh";
    object      cellRegionAddressing;
}
// * * * * * * * * * * * * * * * * * * * * * * * * * * * * * * * * * * * * * //


3360
(
86
87
88
89
90
91
92
93
94
95
96
97
98
99
186
187
188
189
190
191
192
193
194
195
196
197
198
199
286
287
288
289
290
291
292
293
294
295
296
297
298
299
386
387
388
389
390
391
392
393
394
395
396
397
398
399
486
487
488
489
490
491
492
493
494
495
496
497
498
499
586
587
588
589
590
591
592
593
594
595
596
597
598
599
686
687
688
689
690
691
692
693
694
695
696
697
698
699
786
787
788
789
790
791
792
793
794
795
796
797
798
799
886
887
888
889
890
891
892
893
894
895
896
897
898
899
986
987
988
989
990
991
992
993
994
995
996
997
998
999
1086
1087
1088
1089
1090
1091
1092
1093
1094
1095
1096
1097
1098
1099
1186
1187
1188
1189
1190
1191
1192
1193
1194
1195
1196
1197
1198
1199
1286
1287
1288
1289
1290
1291
1292
1293
1294
1295
1296
1297
1298
1299
1386
1387
1388
1389
1390
1391
1392
1393
1394
1395
1396
1397
1398
1399
1486
1487
1488
1489
1490
1491
1492
1493
1494
1495
1496
1497
1498
1499
1586
1587
1588
1589
1590
1591
1592
1593
1594
1595
1596
1597
1598
1599
1686
1687
1688
1689
1690
1691
1692
1693
1694
1695
1696
1697
1698
1699
1786
1787
1788
1789
1790
1791
1792
1793
1794
1795
1796
1797
1798
1799
1886
1887
1888
1889
1890
1891
1892
1893
1894
1895
1896
1897
1898
1899
1986
1987
1988
1989
1990
1991
1992
1993
1994
1995
1996
1997
1998
1999
2086
2087
2088
2089
2090
2091
2092
2093
2094
2095
2096
2097
2098
2099
2186
2187
2188
2189
2190
2191
2192
2193
2194
2195
2196
2197
2198
2199
2286
2287
2288
2289
2290
2291
2292
2293
2294
2295
2296
2297
2298
2299
2386
2387
2388
2389
2390
2391
2392
2393
2394
2395
2396
2397
2398
2399
2486
2487
2488
2489
2490
2491
2492
2493
2494
2495
2496
2497
2498
2499
2586
2587
2588
2589
2590
2591
2592
2593
2594
2595
2596
2597
2598
2599
2686
2687
2688
2689
2690
2691
2692
2693
2694
2695
2696
2697
2698
2699
2786
2787
2788
2789
2790
2791
2792
2793
2794
2795
2796
2797
2798
2799
2886
2887
2888
2889
2890
2891
2892
2893
2894
2895
2896
2897
2898
2899
2986
2987
2988
2989
2990
2991
2992
2993
2994
2995
2996
2997
2998
2999
3086
3087
3088
3089
3090
3091
3092
3093
3094
3095
3096
3097
3098
3099
3186
3187
3188
3189
3190
3191
3192
3193
3194
3195
3196
3197
3198
3199
3286
3287
3288
3289
3290
3291
3292
3293
3294
3295
3296
3297
3298
3299
3386
3387
3388
3389
3390
3391
3392
3393
3394
3395
3396
3397
3398
3399
3486
3487
3488
3489
3490
3491
3492
3493
3494
3495
3496
3497
3498
3499
3586
3587
3588
3589
3590
3591
3592
3593
3594
3595
3596
3597
3598
3599
3686
3687
3688
3689
3690
3691
3692
3693
3694
3695
3696
3697
3698
3699
3786
3787
3788
3789
3790
3791
3792
3793
3794
3795
3796
3797
3798
3799
3886
3887
3888
3889
3890
3891
3892
3893
3894
3895
3896
3897
3898
3899
3986
3987
3988
3989
3990
3991
3992
3993
3994
3995
3996
3997
3998
3999
4086
4087
4088
4089
4090
4091
4092
4093
4094
4095
4096
4097
4098
4099
4186
4187
4188
4189
4190
4191
4192
4193
4194
4195
4196
4197
4198
4199
4286
4287
4288
4289
4290
4291
4292
4293
4294
4295
4296
4297
4298
4299
4386
4387
4388
4389
4390
4391
4392
4393
4394
4395
4396
4397
4398
4399
4486
4487
4488
4489
4490
4491
4492
4493
4494
4495
4496
4497
4498
4499
4586
4587
4588
4589
4590
4591
4592
4593
4594
4595
4596
4597
4598
4599
4686
4687
4688
4689
4690
4691
4692
4693
4694
4695
4696
4697
4698
4699
4786
4787
4788
4789
4790
4791
4792
4793
4794
4795
4796
4797
4798
4799
4886
4887
4888
4889
4890
4891
4892
4893
4894
4895
4896
4897
4898
4899
4986
4987
4988
4989
4990
4991
4992
4993
4994
4995
4996
4997
4998
4999
5086
5087
5088
5089
5090
5091
5092
5093
5094
5095
5096
5097
5098
5099
5186
5187
5188
5189
5190
5191
5192
5193
5194
5195
5196
5197
5198
5199
5286
5287
5288
5289
5290
5291
5292
5293
5294
5295
5296
5297
5298
5299
5386
5387
5388
5389
5390
5391
5392
5393
5394
5395
5396
5397
5398
5399
5486
5487
5488
5489
5490
5491
5492
5493
5494
5495
5496
5497
5498
5499
5586
5587
5588
5589
5590
5591
5592
5593
5594
5595
5596
5597
5598
5599
5686
5687
5688
5689
5690
5691
5692
5693
5694
5695
5696
5697
5698
5699
5786
5787
5788
5789
5790
5791
5792
5793
5794
5795
5796
5797
5798
5799
5886
5887
5888
5889
5890
5891
5892
5893
5894
5895
5896
5897
5898
5899
5986
5987
5988
5989
5990
5991
5992
5993
5994
5995
5996
5997
5998
5999
6086
6087
6088
6089
6090
6091
6092
6093
6094
6095
6096
6097
6098
6099
6186
6187
6188
6189
6190
6191
6192
6193
6194
6195
6196
6197
6198
6199
6286
6287
6288
6289
6290
6291
6292
6293
6294
6295
6296
6297
6298
6299
6386
6387
6388
6389
6390
6391
6392
6393
6394
6395
6396
6397
6398
6399
6486
6487
6488
6489
6490
6491
6492
6493
6494
6495
6496
6497
6498
6499
6586
6587
6588
6589
6590
6591
6592
6593
6594
6595
6596
6597
6598
6599
6686
6687
6688
6689
6690
6691
6692
6693
6694
6695
6696
6697
6698
6699
6786
6787
6788
6789
6790
6791
6792
6793
6794
6795
6796
6797
6798
6799
6886
6887
6888
6889
6890
6891
6892
6893
6894
6895
6896
6897
6898
6899
6986
6987
6988
6989
6990
6991
6992
6993
6994
6995
6996
6997
6998
6999
7086
7087
7088
7089
7090
7091
7092
7093
7094
7095
7096
7097
7098
7099
7186
7187
7188
7189
7190
7191
7192
7193
7194
7195
7196
7197
7198
7199
7286
7287
7288
7289
7290
7291
7292
7293
7294
7295
7296
7297
7298
7299
7386
7387
7388
7389
7390
7391
7392
7393
7394
7395
7396
7397
7398
7399
7486
7487
7488
7489
7490
7491
7492
7493
7494
7495
7496
7497
7498
7499
7586
7587
7588
7589
7590
7591
7592
7593
7594
7595
7596
7597
7598
7599
7686
7687
7688
7689
7690
7691
7692
7693
7694
7695
7696
7697
7698
7699
7786
7787
7788
7789
7790
7791
7792
7793
7794
7795
7796
7797
7798
7799
7886
7887
7888
7889
7890
7891
7892
7893
7894
7895
7896
7897
7898
7899
7986
7987
7988
7989
7990
7991
7992
7993
7994
7995
7996
7997
7998
7999
8086
8087
8088
8089
8090
8091
8092
8093
8094
8095
8096
8097
8098
8099
8186
8187
8188
8189
8190
8191
8192
8193
8194
8195
8196
8197
8198
8199
8286
8287
8288
8289
8290
8291
8292
8293
8294
8295
8296
8297
8298
8299
8386
8387
8388
8389
8390
8391
8392
8393
8394
8395
8396
8397
8398
8399
8486
8487
8488
8489
8490
8491
8492
8493
8494
8495
8496
8497
8498
8499
8586
8587
8588
8589
8590
8591
8592
8593
8594
8595
8596
8597
8598
8599
8686
8687
8688
8689
8690
8691
8692
8693
8694
8695
8696
8697
8698
8699
8786
8787
8788
8789
8790
8791
8792
8793
8794
8795
8796
8797
8798
8799
8886
8887
8888
8889
8890
8891
8892
8893
8894
8895
8896
8897
8898
8899
8986
8987
8988
8989
8990
8991
8992
8993
8994
8995
8996
8997
8998
8999
9086
9087
9088
9089
9090
9091
9092
9093
9094
9095
9096
9097
9098
9099
9186
9187
9188
9189
9190
9191
9192
9193
9194
9195
9196
9197
9198
9199
9286
9287
9288
9289
9290
9291
9292
9293
9294
9295
9296
9297
9298
9299
9386
9387
9388
9389
9390
9391
9392
9393
9394
9395
9396
9397
9398
9399
9486
9487
9488
9489
9490
9491
9492
9493
9494
9495
9496
9497
9498
9499
9586
9587
9588
9589
9590
9591
9592
9593
9594
9595
9596
9597
9598
9599
9686
9687
9688
9689
9690
9691
9692
9693
9694
9695
9696
9697
9698
9699
9786
9787
9788
9789
9790
9791
9792
9793
9794
9795
9796
9797
9798
9799
9886
9887
9888
9889
9890
9891
9892
9893
9894
9895
9896
9897
9898
9899
9986
9987
9988
9989
9990
9991
9992
9993
9994
9995
9996
9997
9998
9999
10086
10087
10088
10089
10090
10091
10092
10093
10094
10095
10096
10097
10098
10099
10186
10187
10188
10189
10190
10191
10192
10193
10194
10195
10196
10197
10198
10199
10286
10287
10288
10289
10290
10291
10292
10293
10294
10295
10296
10297
10298
10299
10386
10387
10388
10389
10390
10391
10392
10393
10394
10395
10396
10397
10398
10399
10486
10487
10488
10489
10490
10491
10492
10493
10494
10495
10496
10497
10498
10499
10586
10587
10588
10589
10590
10591
10592
10593
10594
10595
10596
10597
10598
10599
10686
10687
10688
10689
10690
10691
10692
10693
10694
10695
10696
10697
10698
10699
10786
10787
10788
10789
10790
10791
10792
10793
10794
10795
10796
10797
10798
10799
10886
10887
10888
10889
10890
10891
10892
10893
10894
10895
10896
10897
10898
10899
10986
10987
10988
10989
10990
10991
10992
10993
10994
10995
10996
10997
10998
10999
11086
11087
11088
11089
11090
11091
11092
11093
11094
11095
11096
11097
11098
11099
11186
11187
11188
11189
11190
11191
11192
11193
11194
11195
11196
11197
11198
11199
11286
11287
11288
11289
11290
11291
11292
11293
11294
11295
11296
11297
11298
11299
11386
11387
11388
11389
11390
11391
11392
11393
11394
11395
11396
11397
11398
11399
11486
11487
11488
11489
11490
11491
11492
11493
11494
11495
11496
11497
11498
11499
11586
11587
11588
11589
11590
11591
11592
11593
11594
11595
11596
11597
11598
11599
11686
11687
11688
11689
11690
11691
11692
11693
11694
11695
11696
11697
11698
11699
11786
11787
11788
11789
11790
11791
11792
11793
11794
11795
11796
11797
11798
11799
11886
11887
11888
11889
11890
11891
11892
11893
11894
11895
11896
11897
11898
11899
11986
11987
11988
11989
11990
11991
11992
11993
11994
11995
11996
11997
11998
11999
12086
12087
12088
12089
12090
12091
12092
12093
12094
12095
12096
12097
12098
12099
12186
12187
12188
12189
12190
12191
12192
12193
12194
12195
12196
12197
12198
12199
12286
12287
12288
12289
12290
12291
12292
12293
12294
12295
12296
12297
12298
12299
12386
12387
12388
12389
12390
12391
12392
12393
12394
12395
12396
12397
12398
12399
12486
12487
12488
12489
12490
12491
12492
12493
12494
12495
12496
12497
12498
12499
12586
12587
12588
12589
12590
12591
12592
12593
12594
12595
12596
12597
12598
12599
12686
12687
12688
12689
12690
12691
12692
12693
12694
12695
12696
12697
12698
12699
12786
12787
12788
12789
12790
12791
12792
12793
12794
12795
12796
12797
12798
12799
12886
12887
12888
12889
12890
12891
12892
12893
12894
12895
12896
12897
12898
12899
12986
12987
12988
12989
12990
12991
12992
12993
12994
12995
12996
12997
12998
12999
13086
13087
13088
13089
13090
13091
13092
13093
13094
13095
13096
13097
13098
13099
13186
13187
13188
13189
13190
13191
13192
13193
13194
13195
13196
13197
13198
13199
13286
13287
13288
13289
13290
13291
13292
13293
13294
13295
13296
13297
13298
13299
13386
13387
13388
13389
13390
13391
13392
13393
13394
13395
13396
13397
13398
13399
13486
13487
13488
13489
13490
13491
13492
13493
13494
13495
13496
13497
13498
13499
13586
13587
13588
13589
13590
13591
13592
13593
13594
13595
13596
13597
13598
13599
13686
13687
13688
13689
13690
13691
13692
13693
13694
13695
13696
13697
13698
13699
13786
13787
13788
13789
13790
13791
13792
13793
13794
13795
13796
13797
13798
13799
13886
13887
13888
13889
13890
13891
13892
13893
13894
13895
13896
13897
13898
13899
13986
13987
13988
13989
13990
13991
13992
13993
13994
13995
13996
13997
13998
13999
14086
14087
14088
14089
14090
14091
14092
14093
14094
14095
14096
14097
14098
14099
14186
14187
14188
14189
14190
14191
14192
14193
14194
14195
14196
14197
14198
14199
14286
14287
14288
14289
14290
14291
14292
14293
14294
14295
14296
14297
14298
14299
14386
14387
14388
14389
14390
14391
14392
14393
14394
14395
14396
14397
14398
14399
14486
14487
14488
14489
14490
14491
14492
14493
14494
14495
14496
14497
14498
14499
14586
14587
14588
14589
14590
14591
14592
14593
14594
14595
14596
14597
14598
14599
14686
14687
14688
14689
14690
14691
14692
14693
14694
14695
14696
14697
14698
14699
14786
14787
14788
14789
14790
14791
14792
14793
14794
14795
14796
14797
14798
14799
14886
14887
14888
14889
14890
14891
14892
14893
14894
14895
14896
14897
14898
14899
14986
14987
14988
14989
14990
14991
14992
14993
14994
14995
14996
14997
14998
14999
15086
15087
15088
15089
15090
15091
15092
15093
15094
15095
15096
15097
15098
15099
15186
15187
15188
15189
15190
15191
15192
15193
15194
15195
15196
15197
15198
15199
15286
15287
15288
15289
15290
15291
15292
15293
15294
15295
15296
15297
15298
15299
15386
15387
15388
15389
15390
15391
15392
15393
15394
15395
15396
15397
15398
15399
15486
15487
15488
15489
15490
15491
15492
15493
15494
15495
15496
15497
15498
15499
15586
15587
15588
15589
15590
15591
15592
15593
15594
15595
15596
15597
15598
15599
15686
15687
15688
15689
15690
15691
15692
15693
15694
15695
15696
15697
15698
15699
15786
15787
15788
15789
15790
15791
15792
15793
15794
15795
15796
15797
15798
15799
15886
15887
15888
15889
15890
15891
15892
15893
15894
15895
15896
15897
15898
15899
15986
15987
15988
15989
15990
15991
15992
15993
15994
15995
15996
15997
15998
15999
16086
16087
16088
16089
16090
16091
16092
16093
16094
16095
16096
16097
16098
16099
16186
16187
16188
16189
16190
16191
16192
16193
16194
16195
16196
16197
16198
16199
16286
16287
16288
16289
16290
16291
16292
16293
16294
16295
16296
16297
16298
16299
16386
16387
16388
16389
16390
16391
16392
16393
16394
16395
16396
16397
16398
16399
16486
16487
16488
16489
16490
16491
16492
16493
16494
16495
16496
16497
16498
16499
16586
16587
16588
16589
16590
16591
16592
16593
16594
16595
16596
16597
16598
16599
16686
16687
16688
16689
16690
16691
16692
16693
16694
16695
16696
16697
16698
16699
16786
16787
16788
16789
16790
16791
16792
16793
16794
16795
16796
16797
16798
16799
16886
16887
16888
16889
16890
16891
16892
16893
16894
16895
16896
16897
16898
16899
16986
16987
16988
16989
16990
16991
16992
16993
16994
16995
16996
16997
16998
16999
17086
17087
17088
17089
17090
17091
17092
17093
17094
17095
17096
17097
17098
17099
17186
17187
17188
17189
17190
17191
17192
17193
17194
17195
17196
17197
17198
17199
17286
17287
17288
17289
17290
17291
17292
17293
17294
17295
17296
17297
17298
17299
17386
17387
17388
17389
17390
17391
17392
17393
17394
17395
17396
17397
17398
17399
17486
17487
17488
17489
17490
17491
17492
17493
17494
17495
17496
17497
17498
17499
17586
17587
17588
17589
17590
17591
17592
17593
17594
17595
17596
17597
17598
17599
17686
17687
17688
17689
17690
17691
17692
17693
17694
17695
17696
17697
17698
17699
17786
17787
17788
17789
17790
17791
17792
17793
17794
17795
17796
17797
17798
17799
17886
17887
17888
17889
17890
17891
17892
17893
17894
17895
17896
17897
17898
17899
17986
17987
17988
17989
17990
17991
17992
17993
17994
17995
17996
17997
17998
17999
18086
18087
18088
18089
18090
18091
18092
18093
18094
18095
18096
18097
18098
18099
18186
18187
18188
18189
18190
18191
18192
18193
18194
18195
18196
18197
18198
18199
18286
18287
18288
18289
18290
18291
18292
18293
18294
18295
18296
18297
18298
18299
18386
18387
18388
18389
18390
18391
18392
18393
18394
18395
18396
18397
18398
18399
18486
18487
18488
18489
18490
18491
18492
18493
18494
18495
18496
18497
18498
18499
18586
18587
18588
18589
18590
18591
18592
18593
18594
18595
18596
18597
18598
18599
18686
18687
18688
18689
18690
18691
18692
18693
18694
18695
18696
18697
18698
18699
18786
18787
18788
18789
18790
18791
18792
18793
18794
18795
18796
18797
18798
18799
18886
18887
18888
18889
18890
18891
18892
18893
18894
18895
18896
18897
18898
18899
18986
18987
18988
18989
18990
18991
18992
18993
18994
18995
18996
18997
18998
18999
19086
19087
19088
19089
19090
19091
19092
19093
19094
19095
19096
19097
19098
19099
19186
19187
19188
19189
19190
19191
19192
19193
19194
19195
19196
19197
19198
19199
19286
19287
19288
19289
19290
19291
19292
19293
19294
19295
19296
19297
19298
19299
19386
19387
19388
19389
19390
19391
19392
19393
19394
19395
19396
19397
19398
19399
19486
19487
19488
19489
19490
19491
19492
19493
19494
19495
19496
19497
19498
19499
19586
19587
19588
19589
19590
19591
19592
19593
19594
19595
19596
19597
19598
19599
19686
19687
19688
19689
19690
19691
19692
19693
19694
19695
19696
19697
19698
19699
19786
19787
19788
19789
19790
19791
19792
19793
19794
19795
19796
19797
19798
19799
19886
19887
19888
19889
19890
19891
19892
19893
19894
19895
19896
19897
19898
19899
19986
19987
19988
19989
19990
19991
19992
19993
19994
19995
19996
19997
19998
19999
20086
20087
20088
20089
20090
20091
20092
20093
20094
20095
20096
20097
20098
20099
20186
20187
20188
20189
20190
20191
20192
20193
20194
20195
20196
20197
20198
20199
20286
20287
20288
20289
20290
20291
20292
20293
20294
20295
20296
20297
20298
20299
20386
20387
20388
20389
20390
20391
20392
20393
20394
20395
20396
20397
20398
20399
20486
20487
20488
20489
20490
20491
20492
20493
20494
20495
20496
20497
20498
20499
20586
20587
20588
20589
20590
20591
20592
20593
20594
20595
20596
20597
20598
20599
20686
20687
20688
20689
20690
20691
20692
20693
20694
20695
20696
20697
20698
20699
20786
20787
20788
20789
20790
20791
20792
20793
20794
20795
20796
20797
20798
20799
20886
20887
20888
20889
20890
20891
20892
20893
20894
20895
20896
20897
20898
20899
20986
20987
20988
20989
20990
20991
20992
20993
20994
20995
20996
20997
20998
20999
21086
21087
21088
21089
21090
21091
21092
21093
21094
21095
21096
21097
21098
21099
21186
21187
21188
21189
21190
21191
21192
21193
21194
21195
21196
21197
21198
21199
21286
21287
21288
21289
21290
21291
21292
21293
21294
21295
21296
21297
21298
21299
21386
21387
21388
21389
21390
21391
21392
21393
21394
21395
21396
21397
21398
21399
21486
21487
21488
21489
21490
21491
21492
21493
21494
21495
21496
21497
21498
21499
21586
21587
21588
21589
21590
21591
21592
21593
21594
21595
21596
21597
21598
21599
21686
21687
21688
21689
21690
21691
21692
21693
21694
21695
21696
21697
21698
21699
21786
21787
21788
21789
21790
21791
21792
21793
21794
21795
21796
21797
21798
21799
21886
21887
21888
21889
21890
21891
21892
21893
21894
21895
21896
21897
21898
21899
21986
21987
21988
21989
21990
21991
21992
21993
21994
21995
21996
21997
21998
21999
22086
22087
22088
22089
22090
22091
22092
22093
22094
22095
22096
22097
22098
22099
22186
22187
22188
22189
22190
22191
22192
22193
22194
22195
22196
22197
22198
22199
22286
22287
22288
22289
22290
22291
22292
22293
22294
22295
22296
22297
22298
22299
22386
22387
22388
22389
22390
22391
22392
22393
22394
22395
22396
22397
22398
22399
22486
22487
22488
22489
22490
22491
22492
22493
22494
22495
22496
22497
22498
22499
22586
22587
22588
22589
22590
22591
22592
22593
22594
22595
22596
22597
22598
22599
22686
22687
22688
22689
22690
22691
22692
22693
22694
22695
22696
22697
22698
22699
22786
22787
22788
22789
22790
22791
22792
22793
22794
22795
22796
22797
22798
22799
22886
22887
22888
22889
22890
22891
22892
22893
22894
22895
22896
22897
22898
22899
22986
22987
22988
22989
22990
22991
22992
22993
22994
22995
22996
22997
22998
22999
23086
23087
23088
23089
23090
23091
23092
23093
23094
23095
23096
23097
23098
23099
23186
23187
23188
23189
23190
23191
23192
23193
23194
23195
23196
23197
23198
23199
23286
23287
23288
23289
23290
23291
23292
23293
23294
23295
23296
23297
23298
23299
23386
23387
23388
23389
23390
23391
23392
23393
23394
23395
23396
23397
23398
23399
23486
23487
23488
23489
23490
23491
23492
23493
23494
23495
23496
23497
23498
23499
23586
23587
23588
23589
23590
23591
23592
23593
23594
23595
23596
23597
23598
23599
23686
23687
23688
23689
23690
23691
23692
23693
23694
23695
23696
23697
23698
23699
23786
23787
23788
23789
23790
23791
23792
23793
23794
23795
23796
23797
23798
23799
23886
23887
23888
23889
23890
23891
23892
23893
23894
23895
23896
23897
23898
23899
23986
23987
23988
23989
23990
23991
23992
23993
23994
23995
23996
23997
23998
23999
)


// ************************************************************************* //
