/*--------------------------------*- C++ -*----------------------------------*\
| =========                 |                                                 |
| \\      /  F ield         | foam-extend: Open Source CFD                    |
|  \\    /   O peration     | Version:     4.1                                |
|   \\  /    A nd           | Web:         http://www.foam-extend.org         |
|    \\/     M anipulation  |                                                 |
\*---------------------------------------------------------------------------*/
FoamFile
{
    version     2.0;
    format      ascii;
    class       labelList;
    note        "nPoints: 7230 nAllPoints: 7230 nInternalFaces: 6466 nFaces: 13694 nAllFaces: 13694 nCells: 3360";
    location    "constant/polyMesh";
    object      owner;
}
// * * * * * * * * * * * * * * * * * * * * * * * * * * * * * * * * * * * * * //


13694
(
0
0
1
1
2
2
3
3
4
4
5
5
6
6
7
7
8
8
9
9
10
10
11
11
12
12
13
14
14
15
15
16
16
17
17
18
18
19
19
20
20
21
21
22
22
23
23
24
24
25
25
26
26
27
28
28
29
29
30
30
31
31
32
32
33
33
34
34
35
35
36
36
37
37
38
38
39
39
40
40
41
42
42
43
43
44
44
45
45
46
46
47
47
48
48
49
49
50
50
51
51
52
52
53
53
54
54
55
56
56
57
57
58
58
59
59
60
60
61
61
62
62
63
63
64
64
65
65
66
66
67
67
68
68
69
70
70
71
71
72
72
73
73
74
74
75
75
76
76
77
77
78
78
79
79
80
80
81
81
82
82
83
84
84
85
85
86
86
87
87
88
88
89
89
90
90
91
91
92
92
93
93
94
94
95
95
96
96
97
98
98
99
99
100
100
101
101
102
102
103
103
104
104
105
105
106
106
107
107
108
108
109
109
110
110
111
112
112
113
113
114
114
115
115
116
116
117
117
118
118
119
119
120
120
121
121
122
122
123
123
124
124
125
126
126
127
127
128
128
129
129
130
130
131
131
132
132
133
133
134
134
135
135
136
136
137
137
138
138
139
140
140
141
141
142
142
143
143
144
144
145
145
146
146
147
147
148
148
149
149
150
150
151
151
152
152
153
154
154
155
155
156
156
157
157
158
158
159
159
160
160
161
161
162
162
163
163
164
164
165
165
166
166
167
168
168
169
169
170
170
171
171
172
172
173
173
174
174
175
175
176
176
177
177
178
178
179
179
180
180
181
182
182
183
183
184
184
185
185
186
186
187
187
188
188
189
189
190
190
191
191
192
192
193
193
194
194
195
196
196
197
197
198
198
199
199
200
200
201
201
202
202
203
203
204
204
205
205
206
206
207
207
208
208
209
210
210
211
211
212
212
213
213
214
214
215
215
216
216
217
217
218
218
219
219
220
220
221
221
222
222
223
224
224
225
225
226
226
227
227
228
228
229
229
230
230
231
231
232
232
233
233
234
234
235
235
236
236
237
238
238
239
239
240
240
241
241
242
242
243
243
244
244
245
245
246
246
247
247
248
248
249
249
250
250
251
252
252
253
253
254
254
255
255
256
256
257
257
258
258
259
259
260
260
261
261
262
262
263
263
264
264
265
266
266
267
267
268
268
269
269
270
270
271
271
272
272
273
273
274
274
275
275
276
276
277
277
278
278
279
280
280
281
281
282
282
283
283
284
284
285
285
286
286
287
287
288
288
289
289
290
290
291
291
292
292
293
294
294
295
295
296
296
297
297
298
298
299
299
300
300
301
301
302
302
303
303
304
304
305
305
306
306
307
308
308
309
309
310
310
311
311
312
312
313
313
314
314
315
315
316
316
317
317
318
318
319
319
320
320
321
322
322
323
323
324
324
325
325
326
326
327
327
328
328
329
329
330
330
331
331
332
332
333
333
334
334
335
336
336
337
337
338
338
339
339
340
340
341
341
342
342
343
343
344
344
345
345
346
346
347
347
348
348
349
350
350
351
351
352
352
353
353
354
354
355
355
356
356
357
357
358
358
359
359
360
360
361
361
362
362
363
364
364
365
365
366
366
367
367
368
368
369
369
370
370
371
371
372
372
373
373
374
374
375
375
376
376
377
378
378
379
379
380
380
381
381
382
382
383
383
384
384
385
385
386
386
387
387
388
388
389
389
390
390
391
392
392
393
393
394
394
395
395
396
396
397
397
398
398
399
399
400
400
401
401
402
402
403
403
404
404
405
406
406
407
407
408
408
409
409
410
410
411
411
412
412
413
413
414
414
415
415
416
416
417
417
418
418
419
420
420
421
421
422
422
423
423
424
424
425
425
426
426
427
427
428
428
429
429
430
430
431
431
432
432
433
434
434
435
435
436
436
437
437
438
438
439
439
440
440
441
441
442
442
443
443
444
444
445
445
446
446
447
448
448
449
449
450
450
451
451
452
452
453
453
454
454
455
455
456
456
457
457
458
458
459
459
460
460
461
462
462
463
463
464
464
465
465
466
466
467
467
468
468
469
469
470
470
471
471
472
472
473
473
474
474
475
476
476
477
477
478
478
479
479
480
480
481
481
482
482
483
483
484
484
485
485
486
486
487
487
488
488
489
490
490
491
491
492
492
493
493
494
494
495
495
496
496
497
497
498
498
499
499
500
500
501
501
502
502
503
504
504
505
505
506
506
507
507
508
508
509
509
510
510
511
511
512
512
513
513
514
514
515
515
516
516
517
518
518
519
519
520
520
521
521
522
522
523
523
524
524
525
525
526
526
527
527
528
528
529
529
530
530
531
532
532
533
533
534
534
535
535
536
536
537
537
538
538
539
539
540
540
541
541
542
542
543
543
544
544
545
546
546
547
547
548
548
549
549
550
550
551
551
552
552
553
553
554
554
555
555
556
556
557
557
558
558
559
560
560
561
561
562
562
563
563
564
564
565
565
566
566
567
567
568
568
569
569
570
570
571
571
572
572
573
574
574
575
575
576
576
577
577
578
578
579
579
580
580
581
581
582
582
583
583
584
584
585
585
586
586
587
588
588
589
589
590
590
591
591
592
592
593
593
594
594
595
595
596
596
597
597
598
598
599
599
600
600
601
602
602
603
603
604
604
605
605
606
606
607
607
608
608
609
609
610
610
611
611
612
612
613
613
614
614
615
616
616
617
617
618
618
619
619
620
620
621
621
622
622
623
623
624
624
625
625
626
626
627
627
628
628
629
630
630
631
631
632
632
633
633
634
634
635
635
636
636
637
637
638
638
639
639
640
640
641
641
642
642
643
644
644
645
645
646
646
647
647
648
648
649
649
650
650
651
651
652
652
653
653
654
654
655
655
656
656
657
658
658
659
659
660
660
661
661
662
662
663
663
664
664
665
665
666
666
667
667
668
668
669
669
670
670
671
672
672
673
673
674
674
675
675
676
676
677
677
678
678
679
679
680
680
681
681
682
682
683
683
684
684
685
686
686
687
687
688
688
689
689
690
690
691
691
692
692
693
693
694
694
695
695
696
696
697
697
698
698
699
700
700
701
701
702
702
703
703
704
704
705
705
706
706
707
707
708
708
709
709
710
710
711
711
712
712
713
714
714
715
715
716
716
717
717
718
718
719
719
720
720
721
721
722
722
723
723
724
724
725
725
726
726
727
728
728
729
729
730
730
731
731
732
732
733
733
734
734
735
735
736
736
737
737
738
738
739
739
740
740
741
742
742
743
743
744
744
745
745
746
746
747
747
748
748
749
749
750
750
751
751
752
752
753
753
754
754
755
756
756
757
757
758
758
759
759
760
760
761
761
762
762
763
763
764
764
765
765
766
766
767
767
768
768
769
770
770
771
771
772
772
773
773
774
774
775
775
776
776
777
777
778
778
779
779
780
780
781
781
782
782
783
784
784
785
785
786
786
787
787
788
788
789
789
790
790
791
791
792
792
793
793
794
794
795
795
796
796
797
798
798
799
799
800
800
801
801
802
802
803
803
804
804
805
805
806
806
807
807
808
808
809
809
810
810
811
812
812
813
813
814
814
815
815
816
816
817
817
818
818
819
819
820
820
821
821
822
822
823
823
824
824
825
826
826
827
827
828
828
829
829
830
830
831
831
832
832
833
833
834
834
835
835
836
836
837
837
838
838
839
840
840
841
841
842
842
843
843
844
844
845
845
846
846
847
847
848
848
849
849
850
850
851
851
852
852
853
854
854
855
855
856
856
857
857
858
858
859
859
860
860
861
861
862
862
863
863
864
864
865
865
866
866
867
868
868
869
869
870
870
871
871
872
872
873
873
874
874
875
875
876
876
877
877
878
878
879
879
880
880
881
882
882
883
883
884
884
885
885
886
886
887
887
888
888
889
889
890
890
891
891
892
892
893
893
894
894
895
896
896
897
897
898
898
899
899
900
900
901
901
902
902
903
903
904
904
905
905
906
906
907
907
908
908
909
910
910
911
911
912
912
913
913
914
914
915
915
916
916
917
917
918
918
919
919
920
920
921
921
922
922
923
924
924
925
925
926
926
927
927
928
928
929
929
930
930
931
931
932
932
933
933
934
934
935
935
936
936
937
938
938
939
939
940
940
941
941
942
942
943
943
944
944
945
945
946
946
947
947
948
948
949
949
950
950
951
952
952
953
953
954
954
955
955
956
956
957
957
958
958
959
959
960
960
961
961
962
962
963
963
964
964
965
966
966
967
967
968
968
969
969
970
970
971
971
972
972
973
973
974
974
975
975
976
976
977
977
978
978
979
980
980
981
981
982
982
983
983
984
984
985
985
986
986
987
987
988
988
989
989
990
990
991
991
992
992
993
994
994
995
995
996
996
997
997
998
998
999
999
1000
1000
1001
1001
1002
1002
1003
1003
1004
1004
1005
1005
1006
1006
1007
1008
1008
1009
1009
1010
1010
1011
1011
1012
1012
1013
1013
1014
1014
1015
1015
1016
1016
1017
1017
1018
1018
1019
1019
1020
1020
1021
1022
1022
1023
1023
1024
1024
1025
1025
1026
1026
1027
1027
1028
1028
1029
1029
1030
1030
1031
1031
1032
1032
1033
1033
1034
1034
1035
1036
1036
1037
1037
1038
1038
1039
1039
1040
1040
1041
1041
1042
1042
1043
1043
1044
1044
1045
1045
1046
1046
1047
1047
1048
1048
1049
1050
1050
1051
1051
1052
1052
1053
1053
1054
1054
1055
1055
1056
1056
1057
1057
1058
1058
1059
1059
1060
1060
1061
1061
1062
1062
1063
1064
1064
1065
1065
1066
1066
1067
1067
1068
1068
1069
1069
1070
1070
1071
1071
1072
1072
1073
1073
1074
1074
1075
1075
1076
1076
1077
1078
1078
1079
1079
1080
1080
1081
1081
1082
1082
1083
1083
1084
1084
1085
1085
1086
1086
1087
1087
1088
1088
1089
1089
1090
1090
1091
1092
1092
1093
1093
1094
1094
1095
1095
1096
1096
1097
1097
1098
1098
1099
1099
1100
1100
1101
1101
1102
1102
1103
1103
1104
1104
1105
1106
1106
1107
1107
1108
1108
1109
1109
1110
1110
1111
1111
1112
1112
1113
1113
1114
1114
1115
1115
1116
1116
1117
1117
1118
1118
1119
1120
1120
1121
1121
1122
1122
1123
1123
1124
1124
1125
1125
1126
1126
1127
1127
1128
1128
1129
1129
1130
1130
1131
1131
1132
1132
1133
1134
1134
1135
1135
1136
1136
1137
1137
1138
1138
1139
1139
1140
1140
1141
1141
1142
1142
1143
1143
1144
1144
1145
1145
1146
1146
1147
1148
1148
1149
1149
1150
1150
1151
1151
1152
1152
1153
1153
1154
1154
1155
1155
1156
1156
1157
1157
1158
1158
1159
1159
1160
1160
1161
1162
1162
1163
1163
1164
1164
1165
1165
1166
1166
1167
1167
1168
1168
1169
1169
1170
1170
1171
1171
1172
1172
1173
1173
1174
1174
1175
1176
1176
1177
1177
1178
1178
1179
1179
1180
1180
1181
1181
1182
1182
1183
1183
1184
1184
1185
1185
1186
1186
1187
1187
1188
1188
1189
1190
1190
1191
1191
1192
1192
1193
1193
1194
1194
1195
1195
1196
1196
1197
1197
1198
1198
1199
1199
1200
1200
1201
1201
1202
1202
1203
1204
1204
1205
1205
1206
1206
1207
1207
1208
1208
1209
1209
1210
1210
1211
1211
1212
1212
1213
1213
1214
1214
1215
1215
1216
1216
1217
1218
1218
1219
1219
1220
1220
1221
1221
1222
1222
1223
1223
1224
1224
1225
1225
1226
1226
1227
1227
1228
1228
1229
1229
1230
1230
1231
1232
1232
1233
1233
1234
1234
1235
1235
1236
1236
1237
1237
1238
1238
1239
1239
1240
1240
1241
1241
1242
1242
1243
1243
1244
1244
1245
1246
1246
1247
1247
1248
1248
1249
1249
1250
1250
1251
1251
1252
1252
1253
1253
1254
1254
1255
1255
1256
1256
1257
1257
1258
1258
1259
1260
1260
1261
1261
1262
1262
1263
1263
1264
1264
1265
1265
1266
1266
1267
1267
1268
1268
1269
1269
1270
1270
1271
1271
1272
1272
1273
1274
1274
1275
1275
1276
1276
1277
1277
1278
1278
1279
1279
1280
1280
1281
1281
1282
1282
1283
1283
1284
1284
1285
1285
1286
1286
1287
1288
1288
1289
1289
1290
1290
1291
1291
1292
1292
1293
1293
1294
1294
1295
1295
1296
1296
1297
1297
1298
1298
1299
1299
1300
1300
1301
1302
1302
1303
1303
1304
1304
1305
1305
1306
1306
1307
1307
1308
1308
1309
1309
1310
1310
1311
1311
1312
1312
1313
1313
1314
1314
1315
1316
1316
1317
1317
1318
1318
1319
1319
1320
1320
1321
1321
1322
1322
1323
1323
1324
1324
1325
1325
1326
1326
1327
1327
1328
1328
1329
1330
1330
1331
1331
1332
1332
1333
1333
1334
1334
1335
1335
1336
1336
1337
1337
1338
1338
1339
1339
1340
1340
1341
1341
1342
1342
1343
1344
1344
1345
1345
1346
1346
1347
1347
1348
1348
1349
1349
1350
1350
1351
1351
1352
1352
1353
1353
1354
1354
1355
1355
1356
1356
1357
1358
1358
1359
1359
1360
1360
1361
1361
1362
1362
1363
1363
1364
1364
1365
1365
1366
1366
1367
1367
1368
1368
1369
1369
1370
1370
1371
1372
1372
1373
1373
1374
1374
1375
1375
1376
1376
1377
1377
1378
1378
1379
1379
1380
1380
1381
1381
1382
1382
1383
1383
1384
1384
1385
1386
1386
1387
1387
1388
1388
1389
1389
1390
1390
1391
1391
1392
1392
1393
1393
1394
1394
1395
1395
1396
1396
1397
1397
1398
1398
1399
1400
1400
1401
1401
1402
1402
1403
1403
1404
1404
1405
1405
1406
1406
1407
1407
1408
1408
1409
1409
1410
1410
1411
1411
1412
1412
1413
1414
1414
1415
1415
1416
1416
1417
1417
1418
1418
1419
1419
1420
1420
1421
1421
1422
1422
1423
1423
1424
1424
1425
1425
1426
1426
1427
1428
1428
1429
1429
1430
1430
1431
1431
1432
1432
1433
1433
1434
1434
1435
1435
1436
1436
1437
1437
1438
1438
1439
1439
1440
1440
1441
1442
1442
1443
1443
1444
1444
1445
1445
1446
1446
1447
1447
1448
1448
1449
1449
1450
1450
1451
1451
1452
1452
1453
1453
1454
1454
1455
1456
1456
1457
1457
1458
1458
1459
1459
1460
1460
1461
1461
1462
1462
1463
1463
1464
1464
1465
1465
1466
1466
1467
1467
1468
1468
1469
1470
1470
1471
1471
1472
1472
1473
1473
1474
1474
1475
1475
1476
1476
1477
1477
1478
1478
1479
1479
1480
1480
1481
1481
1482
1482
1483
1484
1484
1485
1485
1486
1486
1487
1487
1488
1488
1489
1489
1490
1490
1491
1491
1492
1492
1493
1493
1494
1494
1495
1495
1496
1496
1497
1498
1498
1499
1499
1500
1500
1501
1501
1502
1502
1503
1503
1504
1504
1505
1505
1506
1506
1507
1507
1508
1508
1509
1509
1510
1510
1511
1512
1512
1513
1513
1514
1514
1515
1515
1516
1516
1517
1517
1518
1518
1519
1519
1520
1520
1521
1521
1522
1522
1523
1523
1524
1524
1525
1526
1526
1527
1527
1528
1528
1529
1529
1530
1530
1531
1531
1532
1532
1533
1533
1534
1534
1535
1535
1536
1536
1537
1537
1538
1538
1539
1540
1540
1541
1541
1542
1542
1543
1543
1544
1544
1545
1545
1546
1546
1547
1547
1548
1548
1549
1549
1550
1550
1551
1551
1552
1552
1553
1554
1554
1555
1555
1556
1556
1557
1557
1558
1558
1559
1559
1560
1560
1561
1561
1562
1562
1563
1563
1564
1564
1565
1565
1566
1566
1567
1568
1568
1569
1569
1570
1570
1571
1571
1572
1572
1573
1573
1574
1574
1575
1575
1576
1576
1577
1577
1578
1578
1579
1579
1580
1580
1581
1582
1582
1583
1583
1584
1584
1585
1585
1586
1586
1587
1587
1588
1588
1589
1589
1590
1590
1591
1591
1592
1592
1593
1593
1594
1594
1595
1596
1596
1597
1597
1598
1598
1599
1599
1600
1600
1601
1601
1602
1602
1603
1603
1604
1604
1605
1605
1606
1606
1607
1607
1608
1608
1609
1610
1610
1611
1611
1612
1612
1613
1613
1614
1614
1615
1615
1616
1616
1617
1617
1618
1618
1619
1619
1620
1620
1621
1621
1622
1622
1623
1624
1624
1625
1625
1626
1626
1627
1627
1628
1628
1629
1629
1630
1630
1631
1631
1632
1632
1633
1633
1634
1634
1635
1635
1636
1636
1637
1638
1638
1639
1639
1640
1640
1641
1641
1642
1642
1643
1643
1644
1644
1645
1645
1646
1646
1647
1647
1648
1648
1649
1649
1650
1650
1651
1652
1652
1653
1653
1654
1654
1655
1655
1656
1656
1657
1657
1658
1658
1659
1659
1660
1660
1661
1661
1662
1662
1663
1663
1664
1664
1665
1666
1666
1667
1667
1668
1668
1669
1669
1670
1670
1671
1671
1672
1672
1673
1673
1674
1674
1675
1675
1676
1676
1677
1677
1678
1678
1679
1680
1680
1681
1681
1682
1682
1683
1683
1684
1684
1685
1685
1686
1686
1687
1687
1688
1688
1689
1689
1690
1690
1691
1691
1692
1692
1693
1694
1694
1695
1695
1696
1696
1697
1697
1698
1698
1699
1699
1700
1700
1701
1701
1702
1702
1703
1703
1704
1704
1705
1705
1706
1706
1707
1708
1708
1709
1709
1710
1710
1711
1711
1712
1712
1713
1713
1714
1714
1715
1715
1716
1716
1717
1717
1718
1718
1719
1719
1720
1720
1721
1722
1722
1723
1723
1724
1724
1725
1725
1726
1726
1727
1727
1728
1728
1729
1729
1730
1730
1731
1731
1732
1732
1733
1733
1734
1734
1735
1736
1736
1737
1737
1738
1738
1739
1739
1740
1740
1741
1741
1742
1742
1743
1743
1744
1744
1745
1745
1746
1746
1747
1747
1748
1748
1749
1750
1750
1751
1751
1752
1752
1753
1753
1754
1754
1755
1755
1756
1756
1757
1757
1758
1758
1759
1759
1760
1760
1761
1761
1762
1762
1763
1764
1764
1765
1765
1766
1766
1767
1767
1768
1768
1769
1769
1770
1770
1771
1771
1772
1772
1773
1773
1774
1774
1775
1775
1776
1776
1777
1778
1778
1779
1779
1780
1780
1781
1781
1782
1782
1783
1783
1784
1784
1785
1785
1786
1786
1787
1787
1788
1788
1789
1789
1790
1790
1791
1792
1792
1793
1793
1794
1794
1795
1795
1796
1796
1797
1797
1798
1798
1799
1799
1800
1800
1801
1801
1802
1802
1803
1803
1804
1804
1805
1806
1806
1807
1807
1808
1808
1809
1809
1810
1810
1811
1811
1812
1812
1813
1813
1814
1814
1815
1815
1816
1816
1817
1817
1818
1818
1819
1820
1820
1821
1821
1822
1822
1823
1823
1824
1824
1825
1825
1826
1826
1827
1827
1828
1828
1829
1829
1830
1830
1831
1831
1832
1832
1833
1834
1834
1835
1835
1836
1836
1837
1837
1838
1838
1839
1839
1840
1840
1841
1841
1842
1842
1843
1843
1844
1844
1845
1845
1846
1846
1847
1848
1848
1849
1849
1850
1850
1851
1851
1852
1852
1853
1853
1854
1854
1855
1855
1856
1856
1857
1857
1858
1858
1859
1859
1860
1860
1861
1862
1862
1863
1863
1864
1864
1865
1865
1866
1866
1867
1867
1868
1868
1869
1869
1870
1870
1871
1871
1872
1872
1873
1873
1874
1874
1875
1876
1876
1877
1877
1878
1878
1879
1879
1880
1880
1881
1881
1882
1882
1883
1883
1884
1884
1885
1885
1886
1886
1887
1887
1888
1888
1889
1890
1890
1891
1891
1892
1892
1893
1893
1894
1894
1895
1895
1896
1896
1897
1897
1898
1898
1899
1899
1900
1900
1901
1901
1902
1902
1903
1904
1904
1905
1905
1906
1906
1907
1907
1908
1908
1909
1909
1910
1910
1911
1911
1912
1912
1913
1913
1914
1914
1915
1915
1916
1916
1917
1918
1918
1919
1919
1920
1920
1921
1921
1922
1922
1923
1923
1924
1924
1925
1925
1926
1926
1927
1927
1928
1928
1929
1929
1930
1930
1931
1932
1932
1933
1933
1934
1934
1935
1935
1936
1936
1937
1937
1938
1938
1939
1939
1940
1940
1941
1941
1942
1942
1943
1943
1944
1944
1945
1946
1946
1947
1947
1948
1948
1949
1949
1950
1950
1951
1951
1952
1952
1953
1953
1954
1954
1955
1955
1956
1956
1957
1957
1958
1958
1959
1960
1960
1961
1961
1962
1962
1963
1963
1964
1964
1965
1965
1966
1966
1967
1967
1968
1968
1969
1969
1970
1970
1971
1971
1972
1972
1973
1974
1974
1975
1975
1976
1976
1977
1977
1978
1978
1979
1979
1980
1980
1981
1981
1982
1982
1983
1983
1984
1984
1985
1985
1986
1986
1987
1988
1988
1989
1989
1990
1990
1991
1991
1992
1992
1993
1993
1994
1994
1995
1995
1996
1996
1997
1997
1998
1998
1999
1999
2000
2000
2001
2002
2002
2003
2003
2004
2004
2005
2005
2006
2006
2007
2007
2008
2008
2009
2009
2010
2010
2011
2011
2012
2012
2013
2013
2014
2014
2015
2016
2016
2017
2017
2018
2018
2019
2019
2020
2020
2021
2021
2022
2022
2023
2023
2024
2024
2025
2025
2026
2026
2027
2027
2028
2028
2029
2030
2030
2031
2031
2032
2032
2033
2033
2034
2034
2035
2035
2036
2036
2037
2037
2038
2038
2039
2039
2040
2040
2041
2041
2042
2042
2043
2044
2044
2045
2045
2046
2046
2047
2047
2048
2048
2049
2049
2050
2050
2051
2051
2052
2052
2053
2053
2054
2054
2055
2055
2056
2056
2057
2058
2058
2059
2059
2060
2060
2061
2061
2062
2062
2063
2063
2064
2064
2065
2065
2066
2066
2067
2067
2068
2068
2069
2069
2070
2070
2071
2072
2072
2073
2073
2074
2074
2075
2075
2076
2076
2077
2077
2078
2078
2079
2079
2080
2080
2081
2081
2082
2082
2083
2083
2084
2084
2085
2086
2086
2087
2087
2088
2088
2089
2089
2090
2090
2091
2091
2092
2092
2093
2093
2094
2094
2095
2095
2096
2096
2097
2097
2098
2098
2099
2100
2100
2101
2101
2102
2102
2103
2103
2104
2104
2105
2105
2106
2106
2107
2107
2108
2108
2109
2109
2110
2110
2111
2111
2112
2112
2113
2114
2114
2115
2115
2116
2116
2117
2117
2118
2118
2119
2119
2120
2120
2121
2121
2122
2122
2123
2123
2124
2124
2125
2125
2126
2126
2127
2128
2128
2129
2129
2130
2130
2131
2131
2132
2132
2133
2133
2134
2134
2135
2135
2136
2136
2137
2137
2138
2138
2139
2139
2140
2140
2141
2142
2142
2143
2143
2144
2144
2145
2145
2146
2146
2147
2147
2148
2148
2149
2149
2150
2150
2151
2151
2152
2152
2153
2153
2154
2154
2155
2156
2156
2157
2157
2158
2158
2159
2159
2160
2160
2161
2161
2162
2162
2163
2163
2164
2164
2165
2165
2166
2166
2167
2167
2168
2168
2169
2170
2170
2171
2171
2172
2172
2173
2173
2174
2174
2175
2175
2176
2176
2177
2177
2178
2178
2179
2179
2180
2180
2181
2181
2182
2182
2183
2184
2184
2185
2185
2186
2186
2187
2187
2188
2188
2189
2189
2190
2190
2191
2191
2192
2192
2193
2193
2194
2194
2195
2195
2196
2196
2197
2198
2198
2199
2199
2200
2200
2201
2201
2202
2202
2203
2203
2204
2204
2205
2205
2206
2206
2207
2207
2208
2208
2209
2209
2210
2210
2211
2212
2212
2213
2213
2214
2214
2215
2215
2216
2216
2217
2217
2218
2218
2219
2219
2220
2220
2221
2221
2222
2222
2223
2223
2224
2224
2225
2226
2226
2227
2227
2228
2228
2229
2229
2230
2230
2231
2231
2232
2232
2233
2233
2234
2234
2235
2235
2236
2236
2237
2237
2238
2238
2239
2240
2240
2241
2241
2242
2242
2243
2243
2244
2244
2245
2245
2246
2246
2247
2247
2248
2248
2249
2249
2250
2250
2251
2251
2252
2252
2253
2254
2254
2255
2255
2256
2256
2257
2257
2258
2258
2259
2259
2260
2260
2261
2261
2262
2262
2263
2263
2264
2264
2265
2265
2266
2266
2267
2268
2268
2269
2269
2270
2270
2271
2271
2272
2272
2273
2273
2274
2274
2275
2275
2276
2276
2277
2277
2278
2278
2279
2279
2280
2280
2281
2282
2282
2283
2283
2284
2284
2285
2285
2286
2286
2287
2287
2288
2288
2289
2289
2290
2290
2291
2291
2292
2292
2293
2293
2294
2294
2295
2296
2296
2297
2297
2298
2298
2299
2299
2300
2300
2301
2301
2302
2302
2303
2303
2304
2304
2305
2305
2306
2306
2307
2307
2308
2308
2309
2310
2310
2311
2311
2312
2312
2313
2313
2314
2314
2315
2315
2316
2316
2317
2317
2318
2318
2319
2319
2320
2320
2321
2321
2322
2322
2323
2324
2324
2325
2325
2326
2326
2327
2327
2328
2328
2329
2329
2330
2330
2331
2331
2332
2332
2333
2333
2334
2334
2335
2335
2336
2336
2337
2338
2338
2339
2339
2340
2340
2341
2341
2342
2342
2343
2343
2344
2344
2345
2345
2346
2346
2347
2347
2348
2348
2349
2349
2350
2350
2351
2352
2352
2353
2353
2354
2354
2355
2355
2356
2356
2357
2357
2358
2358
2359
2359
2360
2360
2361
2361
2362
2362
2363
2363
2364
2364
2365
2366
2366
2367
2367
2368
2368
2369
2369
2370
2370
2371
2371
2372
2372
2373
2373
2374
2374
2375
2375
2376
2376
2377
2377
2378
2378
2379
2380
2380
2381
2381
2382
2382
2383
2383
2384
2384
2385
2385
2386
2386
2387
2387
2388
2388
2389
2389
2390
2390
2391
2391
2392
2392
2393
2394
2394
2395
2395
2396
2396
2397
2397
2398
2398
2399
2399
2400
2400
2401
2401
2402
2402
2403
2403
2404
2404
2405
2405
2406
2406
2407
2408
2408
2409
2409
2410
2410
2411
2411
2412
2412
2413
2413
2414
2414
2415
2415
2416
2416
2417
2417
2418
2418
2419
2419
2420
2420
2421
2422
2422
2423
2423
2424
2424
2425
2425
2426
2426
2427
2427
2428
2428
2429
2429
2430
2430
2431
2431
2432
2432
2433
2433
2434
2434
2435
2436
2436
2437
2437
2438
2438
2439
2439
2440
2440
2441
2441
2442
2442
2443
2443
2444
2444
2445
2445
2446
2446
2447
2447
2448
2448
2449
2450
2450
2451
2451
2452
2452
2453
2453
2454
2454
2455
2455
2456
2456
2457
2457
2458
2458
2459
2459
2460
2460
2461
2461
2462
2462
2463
2464
2464
2465
2465
2466
2466
2467
2467
2468
2468
2469
2469
2470
2470
2471
2471
2472
2472
2473
2473
2474
2474
2475
2475
2476
2476
2477
2478
2478
2479
2479
2480
2480
2481
2481
2482
2482
2483
2483
2484
2484
2485
2485
2486
2486
2487
2487
2488
2488
2489
2489
2490
2490
2491
2492
2492
2493
2493
2494
2494
2495
2495
2496
2496
2497
2497
2498
2498
2499
2499
2500
2500
2501
2501
2502
2502
2503
2503
2504
2504
2505
2506
2506
2507
2507
2508
2508
2509
2509
2510
2510
2511
2511
2512
2512
2513
2513
2514
2514
2515
2515
2516
2516
2517
2517
2518
2518
2519
2520
2520
2521
2521
2522
2522
2523
2523
2524
2524
2525
2525
2526
2526
2527
2527
2528
2528
2529
2529
2530
2530
2531
2531
2532
2532
2533
2534
2534
2535
2535
2536
2536
2537
2537
2538
2538
2539
2539
2540
2540
2541
2541
2542
2542
2543
2543
2544
2544
2545
2545
2546
2546
2547
2548
2548
2549
2549
2550
2550
2551
2551
2552
2552
2553
2553
2554
2554
2555
2555
2556
2556
2557
2557
2558
2558
2559
2559
2560
2560
2561
2562
2562
2563
2563
2564
2564
2565
2565
2566
2566
2567
2567
2568
2568
2569
2569
2570
2570
2571
2571
2572
2572
2573
2573
2574
2574
2575
2576
2576
2577
2577
2578
2578
2579
2579
2580
2580
2581
2581
2582
2582
2583
2583
2584
2584
2585
2585
2586
2586
2587
2587
2588
2588
2589
2590
2590
2591
2591
2592
2592
2593
2593
2594
2594
2595
2595
2596
2596
2597
2597
2598
2598
2599
2599
2600
2600
2601
2601
2602
2602
2603
2604
2604
2605
2605
2606
2606
2607
2607
2608
2608
2609
2609
2610
2610
2611
2611
2612
2612
2613
2613
2614
2614
2615
2615
2616
2616
2617
2618
2618
2619
2619
2620
2620
2621
2621
2622
2622
2623
2623
2624
2624
2625
2625
2626
2626
2627
2627
2628
2628
2629
2629
2630
2630
2631
2632
2632
2633
2633
2634
2634
2635
2635
2636
2636
2637
2637
2638
2638
2639
2639
2640
2640
2641
2641
2642
2642
2643
2643
2644
2644
2645
2646
2646
2647
2647
2648
2648
2649
2649
2650
2650
2651
2651
2652
2652
2653
2653
2654
2654
2655
2655
2656
2656
2657
2657
2658
2658
2659
2660
2660
2661
2661
2662
2662
2663
2663
2664
2664
2665
2665
2666
2666
2667
2667
2668
2668
2669
2669
2670
2670
2671
2671
2672
2672
2673
2674
2674
2675
2675
2676
2676
2677
2677
2678
2678
2679
2679
2680
2680
2681
2681
2682
2682
2683
2683
2684
2684
2685
2685
2686
2686
2687
2688
2688
2689
2689
2690
2690
2691
2691
2692
2692
2693
2693
2694
2694
2695
2695
2696
2696
2697
2697
2698
2698
2699
2699
2700
2700
2701
2702
2702
2703
2703
2704
2704
2705
2705
2706
2706
2707
2707
2708
2708
2709
2709
2710
2710
2711
2711
2712
2712
2713
2713
2714
2714
2715
2716
2716
2717
2717
2718
2718
2719
2719
2720
2720
2721
2721
2722
2722
2723
2723
2724
2724
2725
2725
2726
2726
2727
2727
2728
2728
2729
2730
2730
2731
2731
2732
2732
2733
2733
2734
2734
2735
2735
2736
2736
2737
2737
2738
2738
2739
2739
2740
2740
2741
2741
2742
2742
2743
2744
2744
2745
2745
2746
2746
2747
2747
2748
2748
2749
2749
2750
2750
2751
2751
2752
2752
2753
2753
2754
2754
2755
2755
2756
2756
2757
2758
2758
2759
2759
2760
2760
2761
2761
2762
2762
2763
2763
2764
2764
2765
2765
2766
2766
2767
2767
2768
2768
2769
2769
2770
2770
2771
2772
2772
2773
2773
2774
2774
2775
2775
2776
2776
2777
2777
2778
2778
2779
2779
2780
2780
2781
2781
2782
2782
2783
2783
2784
2784
2785
2786
2786
2787
2787
2788
2788
2789
2789
2790
2790
2791
2791
2792
2792
2793
2793
2794
2794
2795
2795
2796
2796
2797
2797
2798
2798
2799
2800
2800
2801
2801
2802
2802
2803
2803
2804
2804
2805
2805
2806
2806
2807
2807
2808
2808
2809
2809
2810
2810
2811
2811
2812
2812
2813
2814
2814
2815
2815
2816
2816
2817
2817
2818
2818
2819
2819
2820
2820
2821
2821
2822
2822
2823
2823
2824
2824
2825
2825
2826
2826
2827
2828
2828
2829
2829
2830
2830
2831
2831
2832
2832
2833
2833
2834
2834
2835
2835
2836
2836
2837
2837
2838
2838
2839
2839
2840
2840
2841
2842
2842
2843
2843
2844
2844
2845
2845
2846
2846
2847
2847
2848
2848
2849
2849
2850
2850
2851
2851
2852
2852
2853
2853
2854
2854
2855
2856
2856
2857
2857
2858
2858
2859
2859
2860
2860
2861
2861
2862
2862
2863
2863
2864
2864
2865
2865
2866
2866
2867
2867
2868
2868
2869
2870
2870
2871
2871
2872
2872
2873
2873
2874
2874
2875
2875
2876
2876
2877
2877
2878
2878
2879
2879
2880
2880
2881
2881
2882
2882
2883
2884
2884
2885
2885
2886
2886
2887
2887
2888
2888
2889
2889
2890
2890
2891
2891
2892
2892
2893
2893
2894
2894
2895
2895
2896
2896
2897
2898
2898
2899
2899
2900
2900
2901
2901
2902
2902
2903
2903
2904
2904
2905
2905
2906
2906
2907
2907
2908
2908
2909
2909
2910
2910
2911
2912
2912
2913
2913
2914
2914
2915
2915
2916
2916
2917
2917
2918
2918
2919
2919
2920
2920
2921
2921
2922
2922
2923
2923
2924
2924
2925
2926
2926
2927
2927
2928
2928
2929
2929
2930
2930
2931
2931
2932
2932
2933
2933
2934
2934
2935
2935
2936
2936
2937
2937
2938
2938
2939
2940
2940
2941
2941
2942
2942
2943
2943
2944
2944
2945
2945
2946
2946
2947
2947
2948
2948
2949
2949
2950
2950
2951
2951
2952
2952
2953
2954
2954
2955
2955
2956
2956
2957
2957
2958
2958
2959
2959
2960
2960
2961
2961
2962
2962
2963
2963
2964
2964
2965
2965
2966
2966
2967
2968
2968
2969
2969
2970
2970
2971
2971
2972
2972
2973
2973
2974
2974
2975
2975
2976
2976
2977
2977
2978
2978
2979
2979
2980
2980
2981
2982
2982
2983
2983
2984
2984
2985
2985
2986
2986
2987
2987
2988
2988
2989
2989
2990
2990
2991
2991
2992
2992
2993
2993
2994
2994
2995
2996
2996
2997
2997
2998
2998
2999
2999
3000
3000
3001
3001
3002
3002
3003
3003
3004
3004
3005
3005
3006
3006
3007
3007
3008
3008
3009
3010
3010
3011
3011
3012
3012
3013
3013
3014
3014
3015
3015
3016
3016
3017
3017
3018
3018
3019
3019
3020
3020
3021
3021
3022
3022
3023
3024
3024
3025
3025
3026
3026
3027
3027
3028
3028
3029
3029
3030
3030
3031
3031
3032
3032
3033
3033
3034
3034
3035
3035
3036
3036
3037
3038
3038
3039
3039
3040
3040
3041
3041
3042
3042
3043
3043
3044
3044
3045
3045
3046
3046
3047
3047
3048
3048
3049
3049
3050
3050
3051
3052
3052
3053
3053
3054
3054
3055
3055
3056
3056
3057
3057
3058
3058
3059
3059
3060
3060
3061
3061
3062
3062
3063
3063
3064
3064
3065
3066
3066
3067
3067
3068
3068
3069
3069
3070
3070
3071
3071
3072
3072
3073
3073
3074
3074
3075
3075
3076
3076
3077
3077
3078
3078
3079
3080
3080
3081
3081
3082
3082
3083
3083
3084
3084
3085
3085
3086
3086
3087
3087
3088
3088
3089
3089
3090
3090
3091
3091
3092
3092
3093
3094
3094
3095
3095
3096
3096
3097
3097
3098
3098
3099
3099
3100
3100
3101
3101
3102
3102
3103
3103
3104
3104
3105
3105
3106
3106
3107
3108
3108
3109
3109
3110
3110
3111
3111
3112
3112
3113
3113
3114
3114
3115
3115
3116
3116
3117
3117
3118
3118
3119
3119
3120
3120
3121
3122
3122
3123
3123
3124
3124
3125
3125
3126
3126
3127
3127
3128
3128
3129
3129
3130
3130
3131
3131
3132
3132
3133
3133
3134
3134
3135
3136
3136
3137
3137
3138
3138
3139
3139
3140
3140
3141
3141
3142
3142
3143
3143
3144
3144
3145
3145
3146
3146
3147
3147
3148
3148
3149
3150
3150
3151
3151
3152
3152
3153
3153
3154
3154
3155
3155
3156
3156
3157
3157
3158
3158
3159
3159
3160
3160
3161
3161
3162
3162
3163
3164
3164
3165
3165
3166
3166
3167
3167
3168
3168
3169
3169
3170
3170
3171
3171
3172
3172
3173
3173
3174
3174
3175
3175
3176
3176
3177
3178
3178
3179
3179
3180
3180
3181
3181
3182
3182
3183
3183
3184
3184
3185
3185
3186
3186
3187
3187
3188
3188
3189
3189
3190
3190
3191
3192
3192
3193
3193
3194
3194
3195
3195
3196
3196
3197
3197
3198
3198
3199
3199
3200
3200
3201
3201
3202
3202
3203
3203
3204
3204
3205
3206
3206
3207
3207
3208
3208
3209
3209
3210
3210
3211
3211
3212
3212
3213
3213
3214
3214
3215
3215
3216
3216
3217
3217
3218
3218
3219
3220
3220
3221
3221
3222
3222
3223
3223
3224
3224
3225
3225
3226
3226
3227
3227
3228
3228
3229
3229
3230
3230
3231
3231
3232
3232
3233
3234
3234
3235
3235
3236
3236
3237
3237
3238
3238
3239
3239
3240
3240
3241
3241
3242
3242
3243
3243
3244
3244
3245
3245
3246
3246
3247
3248
3248
3249
3249
3250
3250
3251
3251
3252
3252
3253
3253
3254
3254
3255
3255
3256
3256
3257
3257
3258
3258
3259
3259
3260
3260
3261
3262
3262
3263
3263
3264
3264
3265
3265
3266
3266
3267
3267
3268
3268
3269
3269
3270
3270
3271
3271
3272
3272
3273
3273
3274
3274
3275
3276
3276
3277
3277
3278
3278
3279
3279
3280
3280
3281
3281
3282
3282
3283
3283
3284
3284
3285
3285
3286
3286
3287
3287
3288
3288
3289
3290
3290
3291
3291
3292
3292
3293
3293
3294
3294
3295
3295
3296
3296
3297
3297
3298
3298
3299
3299
3300
3300
3301
3301
3302
3302
3303
3304
3304
3305
3305
3306
3306
3307
3307
3308
3308
3309
3309
3310
3310
3311
3311
3312
3312
3313
3313
3314
3314
3315
3315
3316
3316
3317
3318
3318
3319
3319
3320
3320
3321
3321
3322
3322
3323
3323
3324
3324
3325
3325
3326
3326
3327
3327
3328
3328
3329
3329
3330
3330
3331
3332
3332
3333
3333
3334
3334
3335
3335
3336
3336
3337
3337
3338
3338
3339
3339
3340
3340
3341
3341
3342
3342
3343
3343
3344
3344
3345
3346
3347
3348
3349
3350
3351
3352
3353
3354
3355
3356
3357
3358
3346
3347
3348
3349
3350
3351
3352
3353
3354
3355
3356
3357
3358
3359
0
1
2
3
4
5
6
7
8
9
10
11
12
13
13
27
41
55
69
83
97
111
125
139
153
167
181
195
209
223
237
251
265
279
293
307
321
335
349
363
377
391
405
419
433
447
461
475
489
503
517
531
545
559
573
587
601
615
629
643
657
671
685
699
713
727
741
755
769
783
797
811
825
839
853
867
881
895
909
923
937
951
965
979
993
1007
1021
1035
1049
1063
1077
1091
1105
1119
1133
1147
1161
1175
1189
1203
1217
1231
1245
1259
1273
1287
1301
1315
1329
1343
1357
1371
1385
1399
1413
1427
1441
1455
1469
1483
1497
1511
1525
1539
1553
1567
1581
1595
1609
1623
1637
1651
1665
1679
1693
1707
1721
1735
1749
1763
1777
1791
1805
1819
1833
1847
1861
1875
1889
1903
1917
1931
1945
1959
1973
1987
2001
2015
2029
2043
2057
2071
2085
2099
2113
2127
2141
2155
2169
2183
2197
2211
2225
2239
2253
2267
2281
2295
2309
2323
2337
2351
2365
2379
2393
2407
2421
2435
2449
2463
2477
2491
2505
2519
2533
2547
2561
2575
2589
2603
2617
2631
2645
2659
2673
2687
2701
2715
2729
2743
2757
2771
2785
2799
2813
2827
2841
2855
2869
2883
2897
2911
2925
2939
2953
2967
2981
2995
3009
3023
3037
3051
3065
3079
3093
3107
3121
3135
3149
3163
3177
3191
3205
3219
3233
3247
3261
3275
3289
3303
3317
3331
3345
3359
0
14
28
42
56
70
84
98
112
126
140
154
168
182
196
210
224
238
252
266
280
294
308
322
336
350
364
378
392
406
420
434
448
462
476
490
504
518
532
546
560
574
588
602
616
630
644
658
672
686
700
714
728
742
756
770
784
798
812
826
840
854
868
882
896
910
924
938
952
966
980
994
1008
1022
1036
1050
1064
1078
1092
1106
1120
1134
1148
1162
1176
1190
1204
1218
1232
1246
1260
1274
1288
1302
1316
1330
1344
1358
1372
1386
1400
1414
1428
1442
1456
1470
1484
1498
1512
1526
1540
1554
1568
1582
1596
1610
1624
1638
1652
1666
1680
1694
1708
1722
1736
1750
1764
1778
1792
1806
1820
1834
1848
1862
1876
1890
1904
1918
1932
1946
1960
1974
1988
2002
2016
2030
2044
2058
2072
2086
2100
2114
2128
2142
2156
2170
2184
2198
2212
2226
2240
2254
2268
2282
2296
2310
2324
2338
2352
2366
2380
2394
2408
2422
2436
2450
2464
2478
2492
2506
2520
2534
2548
2562
2576
2590
2604
2618
2632
2646
2660
2674
2688
2702
2716
2730
2744
2758
2772
2786
2800
2814
2828
2842
2856
2870
2884
2898
2912
2926
2940
2954
2968
2982
2996
3010
3024
3038
3052
3066
3080
3094
3108
3122
3136
3150
3164
3178
3192
3206
3220
3234
3248
3262
3276
3290
3304
3318
3332
3346
1
15
29
43
57
71
85
99
113
127
141
155
169
183
197
211
225
239
253
267
281
295
309
323
337
351
365
379
393
407
421
435
449
463
477
491
505
519
533
547
561
575
589
603
617
631
645
659
673
687
701
715
729
743
757
771
785
799
813
827
841
855
869
883
897
911
925
939
953
967
981
995
1009
1023
1037
1051
1065
1079
1093
1107
1121
1135
1149
1163
1177
1191
1205
1219
1233
1247
1261
1275
1289
1303
1317
1331
1345
1359
1373
1387
1401
1415
1429
1443
1457
1471
1485
1499
1513
1527
1541
1555
1569
1583
1597
1611
1625
1639
1653
1667
1681
1695
1709
1723
1737
1751
1765
1779
1793
1807
1821
1835
1849
1863
1877
1891
1905
1919
1933
1947
1961
1975
1989
2003
2017
2031
2045
2059
2073
2087
2101
2115
2129
2143
2157
2171
2185
2199
2213
2227
2241
2255
2269
2283
2297
2311
2325
2339
2353
2367
2381
2395
2409
2423
2437
2451
2465
2479
2493
2507
2521
2535
2549
2563
2577
2591
2605
2619
2633
2647
2661
2675
2689
2703
2717
2731
2745
2759
2773
2787
2801
2815
2829
2843
2857
2871
2885
2899
2913
2927
2941
2955
2969
2983
2997
3011
3025
3039
3053
3067
3081
3095
3109
3123
3137
3151
3165
3179
3193
3207
3221
3235
3249
3263
3277
3291
3305
3319
3333
3347
2
16
30
44
58
72
86
100
114
128
142
156
170
184
198
212
226
240
254
268
282
296
310
324
338
352
366
380
394
408
422
436
450
464
478
492
506
520
534
548
562
576
590
604
618
632
646
660
674
688
702
716
730
744
758
772
786
800
814
828
842
856
870
884
898
912
926
940
954
968
982
996
1010
1024
1038
1052
1066
1080
1094
1108
1122
1136
1150
1164
1178
1192
1206
1220
1234
1248
1262
1276
1290
1304
1318
1332
1346
1360
1374
1388
1402
1416
1430
1444
1458
1472
1486
1500
1514
1528
1542
1556
1570
1584
1598
1612
1626
1640
1654
1668
1682
1696
1710
1724
1738
1752
1766
1780
1794
1808
1822
1836
1850
1864
1878
1892
1906
1920
1934
1948
1962
1976
1990
2004
2018
2032
2046
2060
2074
2088
2102
2116
2130
2144
2158
2172
2186
2200
2214
2228
2242
2256
2270
2284
2298
2312
2326
2340
2354
2368
2382
2396
2410
2424
2438
2452
2466
2480
2494
2508
2522
2536
2550
2564
2578
2592
2606
2620
2634
2648
2662
2676
2690
2704
2718
2732
2746
2760
2774
2788
2802
2816
2830
2844
2858
2872
2886
2900
2914
2928
2942
2956
2970
2984
2998
3012
3026
3040
3054
3068
3082
3096
3110
3124
3138
3152
3166
3180
3194
3208
3222
3236
3250
3264
3278
3292
3306
3320
3334
3348
3
17
31
45
59
73
87
101
115
129
143
157
171
185
199
213
227
241
255
269
283
297
311
325
339
353
367
381
395
409
423
437
451
465
479
493
507
521
535
549
563
577
591
605
619
633
647
661
675
689
703
717
731
745
759
773
787
801
815
829
843
857
871
885
899
913
927
941
955
969
983
997
1011
1025
1039
1053
1067
1081
1095
1109
1123
1137
1151
1165
1179
1193
1207
1221
1235
1249
1263
1277
1291
1305
1319
1333
1347
1361
1375
1389
1403
1417
1431
1445
1459
1473
1487
1501
1515
1529
1543
1557
1571
1585
1599
1613
1627
1641
1655
1669
1683
1697
1711
1725
1739
1753
1767
1781
1795
1809
1823
1837
1851
1865
1879
1893
1907
1921
1935
1949
1963
1977
1991
2005
2019
2033
2047
2061
2075
2089
2103
2117
2131
2145
2159
2173
2187
2201
2215
2229
2243
2257
2271
2285
2299
2313
2327
2341
2355
2369
2383
2397
2411
2425
2439
2453
2467
2481
2495
2509
2523
2537
2551
2565
2579
2593
2607
2621
2635
2649
2663
2677
2691
2705
2719
2733
2747
2761
2775
2789
2803
2817
2831
2845
2859
2873
2887
2901
2915
2929
2943
2957
2971
2985
2999
3013
3027
3041
3055
3069
3083
3097
3111
3125
3139
3153
3167
3181
3195
3209
3223
3237
3251
3265
3279
3293
3307
3321
3335
3349
4
18
32
46
60
74
88
102
116
130
144
158
172
186
200
214
228
242
256
270
284
298
312
326
340
354
368
382
396
410
424
438
452
466
480
494
508
522
536
550
564
578
592
606
620
634
648
662
676
690
704
718
732
746
760
774
788
802
816
830
844
858
872
886
900
914
928
942
956
970
984
998
1012
1026
1040
1054
1068
1082
1096
1110
1124
1138
1152
1166
1180
1194
1208
1222
1236
1250
1264
1278
1292
1306
1320
1334
1348
1362
1376
1390
1404
1418
1432
1446
1460
1474
1488
1502
1516
1530
1544
1558
1572
1586
1600
1614
1628
1642
1656
1670
1684
1698
1712
1726
1740
1754
1768
1782
1796
1810
1824
1838
1852
1866
1880
1894
1908
1922
1936
1950
1964
1978
1992
2006
2020
2034
2048
2062
2076
2090
2104
2118
2132
2146
2160
2174
2188
2202
2216
2230
2244
2258
2272
2286
2300
2314
2328
2342
2356
2370
2384
2398
2412
2426
2440
2454
2468
2482
2496
2510
2524
2538
2552
2566
2580
2594
2608
2622
2636
2650
2664
2678
2692
2706
2720
2734
2748
2762
2776
2790
2804
2818
2832
2846
2860
2874
2888
2902
2916
2930
2944
2958
2972
2986
3000
3014
3028
3042
3056
3070
3084
3098
3112
3126
3140
3154
3168
3182
3196
3210
3224
3238
3252
3266
3280
3294
3308
3322
3336
3350
5
19
33
47
61
75
89
103
117
131
145
159
173
187
201
215
229
243
257
271
285
299
313
327
341
355
369
383
397
411
425
439
453
467
481
495
509
523
537
551
565
579
593
607
621
635
649
663
677
691
705
719
733
747
761
775
789
803
817
831
845
859
873
887
901
915
929
943
957
971
985
999
1013
1027
1041
1055
1069
1083
1097
1111
1125
1139
1153
1167
1181
1195
1209
1223
1237
1251
1265
1279
1293
1307
1321
1335
1349
1363
1377
1391
1405
1419
1433
1447
1461
1475
1489
1503
1517
1531
1545
1559
1573
1587
1601
1615
1629
1643
1657
1671
1685
1699
1713
1727
1741
1755
1769
1783
1797
1811
1825
1839
1853
1867
1881
1895
1909
1923
1937
1951
1965
1979
1993
2007
2021
2035
2049
2063
2077
2091
2105
2119
2133
2147
2161
2175
2189
2203
2217
2231
2245
2259
2273
2287
2301
2315
2329
2343
2357
2371
2385
2399
2413
2427
2441
2455
2469
2483
2497
2511
2525
2539
2553
2567
2581
2595
2609
2623
2637
2651
2665
2679
2693
2707
2721
2735
2749
2763
2777
2791
2805
2819
2833
2847
2861
2875
2889
2903
2917
2931
2945
2959
2973
2987
3001
3015
3029
3043
3057
3071
3085
3099
3113
3127
3141
3155
3169
3183
3197
3211
3225
3239
3253
3267
3281
3295
3309
3323
3337
3351
6
20
34
48
62
76
90
104
118
132
146
160
174
188
202
216
230
244
258
272
286
300
314
328
342
356
370
384
398
412
426
440
454
468
482
496
510
524
538
552
566
580
594
608
622
636
650
664
678
692
706
720
734
748
762
776
790
804
818
832
846
860
874
888
902
916
930
944
958
972
986
1000
1014
1028
1042
1056
1070
1084
1098
1112
1126
1140
1154
1168
1182
1196
1210
1224
1238
1252
1266
1280
1294
1308
1322
1336
1350
1364
1378
1392
1406
1420
1434
1448
1462
1476
1490
1504
1518
1532
1546
1560
1574
1588
1602
1616
1630
1644
1658
1672
1686
1700
1714
1728
1742
1756
1770
1784
1798
1812
1826
1840
1854
1868
1882
1896
1910
1924
1938
1952
1966
1980
1994
2008
2022
2036
2050
2064
2078
2092
2106
2120
2134
2148
2162
2176
2190
2204
2218
2232
2246
2260
2274
2288
2302
2316
2330
2344
2358
2372
2386
2400
2414
2428
2442
2456
2470
2484
2498
2512
2526
2540
2554
2568
2582
2596
2610
2624
2638
2652
2666
2680
2694
2708
2722
2736
2750
2764
2778
2792
2806
2820
2834
2848
2862
2876
2890
2904
2918
2932
2946
2960
2974
2988
3002
3016
3030
3044
3058
3072
3086
3100
3114
3128
3142
3156
3170
3184
3198
3212
3226
3240
3254
3268
3282
3296
3310
3324
3338
3352
7
21
35
49
63
77
91
105
119
133
147
161
175
189
203
217
231
245
259
273
287
301
315
329
343
357
371
385
399
413
427
441
455
469
483
497
511
525
539
553
567
581
595
609
623
637
651
665
679
693
707
721
735
749
763
777
791
805
819
833
847
861
875
889
903
917
931
945
959
973
987
1001
1015
1029
1043
1057
1071
1085
1099
1113
1127
1141
1155
1169
1183
1197
1211
1225
1239
1253
1267
1281
1295
1309
1323
1337
1351
1365
1379
1393
1407
1421
1435
1449
1463
1477
1491
1505
1519
1533
1547
1561
1575
1589
1603
1617
1631
1645
1659
1673
1687
1701
1715
1729
1743
1757
1771
1785
1799
1813
1827
1841
1855
1869
1883
1897
1911
1925
1939
1953
1967
1981
1995
2009
2023
2037
2051
2065
2079
2093
2107
2121
2135
2149
2163
2177
2191
2205
2219
2233
2247
2261
2275
2289
2303
2317
2331
2345
2359
2373
2387
2401
2415
2429
2443
2457
2471
2485
2499
2513
2527
2541
2555
2569
2583
2597
2611
2625
2639
2653
2667
2681
2695
2709
2723
2737
2751
2765
2779
2793
2807
2821
2835
2849
2863
2877
2891
2905
2919
2933
2947
2961
2975
2989
3003
3017
3031
3045
3059
3073
3087
3101
3115
3129
3143
3157
3171
3185
3199
3213
3227
3241
3255
3269
3283
3297
3311
3325
3339
3353
8
22
36
50
64
78
92
106
120
134
148
162
176
190
204
218
232
246
260
274
288
302
316
330
344
358
372
386
400
414
428
442
456
470
484
498
512
526
540
554
568
582
596
610
624
638
652
666
680
694
708
722
736
750
764
778
792
806
820
834
848
862
876
890
904
918
932
946
960
974
988
1002
1016
1030
1044
1058
1072
1086
1100
1114
1128
1142
1156
1170
1184
1198
1212
1226
1240
1254
1268
1282
1296
1310
1324
1338
1352
1366
1380
1394
1408
1422
1436
1450
1464
1478
1492
1506
1520
1534
1548
1562
1576
1590
1604
1618
1632
1646
1660
1674
1688
1702
1716
1730
1744
1758
1772
1786
1800
1814
1828
1842
1856
1870
1884
1898
1912
1926
1940
1954
1968
1982
1996
2010
2024
2038
2052
2066
2080
2094
2108
2122
2136
2150
2164
2178
2192
2206
2220
2234
2248
2262
2276
2290
2304
2318
2332
2346
2360
2374
2388
2402
2416
2430
2444
2458
2472
2486
2500
2514
2528
2542
2556
2570
2584
2598
2612
2626
2640
2654
2668
2682
2696
2710
2724
2738
2752
2766
2780
2794
2808
2822
2836
2850
2864
2878
2892
2906
2920
2934
2948
2962
2976
2990
3004
3018
3032
3046
3060
3074
3088
3102
3116
3130
3144
3158
3172
3186
3200
3214
3228
3242
3256
3270
3284
3298
3312
3326
3340
3354
9
23
37
51
65
79
93
107
121
135
149
163
177
191
205
219
233
247
261
275
289
303
317
331
345
359
373
387
401
415
429
443
457
471
485
499
513
527
541
555
569
583
597
611
625
639
653
667
681
695
709
723
737
751
765
779
793
807
821
835
849
863
877
891
905
919
933
947
961
975
989
1003
1017
1031
1045
1059
1073
1087
1101
1115
1129
1143
1157
1171
1185
1199
1213
1227
1241
1255
1269
1283
1297
1311
1325
1339
1353
1367
1381
1395
1409
1423
1437
1451
1465
1479
1493
1507
1521
1535
1549
1563
1577
1591
1605
1619
1633
1647
1661
1675
1689
1703
1717
1731
1745
1759
1773
1787
1801
1815
1829
1843
1857
1871
1885
1899
1913
1927
1941
1955
1969
1983
1997
2011
2025
2039
2053
2067
2081
2095
2109
2123
2137
2151
2165
2179
2193
2207
2221
2235
2249
2263
2277
2291
2305
2319
2333
2347
2361
2375
2389
2403
2417
2431
2445
2459
2473
2487
2501
2515
2529
2543
2557
2571
2585
2599
2613
2627
2641
2655
2669
2683
2697
2711
2725
2739
2753
2767
2781
2795
2809
2823
2837
2851
2865
2879
2893
2907
2921
2935
2949
2963
2977
2991
3005
3019
3033
3047
3061
3075
3089
3103
3117
3131
3145
3159
3173
3187
3201
3215
3229
3243
3257
3271
3285
3299
3313
3327
3341
3355
10
24
38
52
66
80
94
108
122
136
150
164
178
192
206
220
234
248
262
276
290
304
318
332
346
360
374
388
402
416
430
444
458
472
486
500
514
528
542
556
570
584
598
612
626
640
654
668
682
696
710
724
738
752
766
780
794
808
822
836
850
864
878
892
906
920
934
948
962
976
990
1004
1018
1032
1046
1060
1074
1088
1102
1116
1130
1144
1158
1172
1186
1200
1214
1228
1242
1256
1270
1284
1298
1312
1326
1340
1354
1368
1382
1396
1410
1424
1438
1452
1466
1480
1494
1508
1522
1536
1550
1564
1578
1592
1606
1620
1634
1648
1662
1676
1690
1704
1718
1732
1746
1760
1774
1788
1802
1816
1830
1844
1858
1872
1886
1900
1914
1928
1942
1956
1970
1984
1998
2012
2026
2040
2054
2068
2082
2096
2110
2124
2138
2152
2166
2180
2194
2208
2222
2236
2250
2264
2278
2292
2306
2320
2334
2348
2362
2376
2390
2404
2418
2432
2446
2460
2474
2488
2502
2516
2530
2544
2558
2572
2586
2600
2614
2628
2642
2656
2670
2684
2698
2712
2726
2740
2754
2768
2782
2796
2810
2824
2838
2852
2866
2880
2894
2908
2922
2936
2950
2964
2978
2992
3006
3020
3034
3048
3062
3076
3090
3104
3118
3132
3146
3160
3174
3188
3202
3216
3230
3244
3258
3272
3286
3300
3314
3328
3342
3356
11
25
39
53
67
81
95
109
123
137
151
165
179
193
207
221
235
249
263
277
291
305
319
333
347
361
375
389
403
417
431
445
459
473
487
501
515
529
543
557
571
585
599
613
627
641
655
669
683
697
711
725
739
753
767
781
795
809
823
837
851
865
879
893
907
921
935
949
963
977
991
1005
1019
1033
1047
1061
1075
1089
1103
1117
1131
1145
1159
1173
1187
1201
1215
1229
1243
1257
1271
1285
1299
1313
1327
1341
1355
1369
1383
1397
1411
1425
1439
1453
1467
1481
1495
1509
1523
1537
1551
1565
1579
1593
1607
1621
1635
1649
1663
1677
1691
1705
1719
1733
1747
1761
1775
1789
1803
1817
1831
1845
1859
1873
1887
1901
1915
1929
1943
1957
1971
1985
1999
2013
2027
2041
2055
2069
2083
2097
2111
2125
2139
2153
2167
2181
2195
2209
2223
2237
2251
2265
2279
2293
2307
2321
2335
2349
2363
2377
2391
2405
2419
2433
2447
2461
2475
2489
2503
2517
2531
2545
2559
2573
2587
2601
2615
2629
2643
2657
2671
2685
2699
2713
2727
2741
2755
2769
2783
2797
2811
2825
2839
2853
2867
2881
2895
2909
2923
2937
2951
2965
2979
2993
3007
3021
3035
3049
3063
3077
3091
3105
3119
3133
3147
3161
3175
3189
3203
3217
3231
3245
3259
3273
3287
3301
3315
3329
3343
3357
12
26
40
54
68
82
96
110
124
138
152
166
180
194
208
222
236
250
264
278
292
306
320
334
348
362
376
390
404
418
432
446
460
474
488
502
516
530
544
558
572
586
600
614
628
642
656
670
684
698
712
726
740
754
768
782
796
810
824
838
852
866
880
894
908
922
936
950
964
978
992
1006
1020
1034
1048
1062
1076
1090
1104
1118
1132
1146
1160
1174
1188
1202
1216
1230
1244
1258
1272
1286
1300
1314
1328
1342
1356
1370
1384
1398
1412
1426
1440
1454
1468
1482
1496
1510
1524
1538
1552
1566
1580
1594
1608
1622
1636
1650
1664
1678
1692
1706
1720
1734
1748
1762
1776
1790
1804
1818
1832
1846
1860
1874
1888
1902
1916
1930
1944
1958
1972
1986
2000
2014
2028
2042
2056
2070
2084
2098
2112
2126
2140
2154
2168
2182
2196
2210
2224
2238
2252
2266
2280
2294
2308
2322
2336
2350
2364
2378
2392
2406
2420
2434
2448
2462
2476
2490
2504
2518
2532
2546
2560
2574
2588
2602
2616
2630
2644
2658
2672
2686
2700
2714
2728
2742
2756
2770
2784
2798
2812
2826
2840
2854
2868
2882
2896
2910
2924
2938
2952
2966
2980
2994
3008
3022
3036
3050
3064
3078
3092
3106
3120
3134
3148
3162
3176
3190
3204
3218
3232
3246
3260
3274
3288
3302
3316
3330
3344
3358
13
27
41
55
69
83
97
111
125
139
153
167
181
195
209
223
237
251
265
279
293
307
321
335
349
363
377
391
405
419
433
447
461
475
489
503
517
531
545
559
573
587
601
615
629
643
657
671
685
699
713
727
741
755
769
783
797
811
825
839
853
867
881
895
909
923
937
951
965
979
993
1007
1021
1035
1049
1063
1077
1091
1105
1119
1133
1147
1161
1175
1189
1203
1217
1231
1245
1259
1273
1287
1301
1315
1329
1343
1357
1371
1385
1399
1413
1427
1441
1455
1469
1483
1497
1511
1525
1539
1553
1567
1581
1595
1609
1623
1637
1651
1665
1679
1693
1707
1721
1735
1749
1763
1777
1791
1805
1819
1833
1847
1861
1875
1889
1903
1917
1931
1945
1959
1973
1987
2001
2015
2029
2043
2057
2071
2085
2099
2113
2127
2141
2155
2169
2183
2197
2211
2225
2239
2253
2267
2281
2295
2309
2323
2337
2351
2365
2379
2393
2407
2421
2435
2449
2463
2477
2491
2505
2519
2533
2547
2561
2575
2589
2603
2617
2631
2645
2659
2673
2687
2701
2715
2729
2743
2757
2771
2785
2799
2813
2827
2841
2855
2869
2883
2897
2911
2925
2939
2953
2967
2981
2995
3009
3023
3037
3051
3065
3079
3093
3107
3121
3135
3149
3163
3177
3191
3205
3219
3233
3247
3261
3275
3289
3303
3317
3331
3345
3359
0
14
28
42
56
70
84
98
112
126
140
154
168
182
196
210
224
238
252
266
280
294
308
322
336
350
364
378
392
406
420
434
448
462
476
490
504
518
532
546
560
574
588
602
616
630
644
658
672
686
700
714
728
742
756
770
784
798
812
826
840
854
868
882
896
910
924
938
952
966
980
994
1008
1022
1036
1050
1064
1078
1092
1106
1120
1134
1148
1162
1176
1190
1204
1218
1232
1246
1260
1274
1288
1302
1316
1330
1344
1358
1372
1386
1400
1414
1428
1442
1456
1470
1484
1498
1512
1526
1540
1554
1568
1582
1596
1610
1624
1638
1652
1666
1680
1694
1708
1722
1736
1750
1764
1778
1792
1806
1820
1834
1848
1862
1876
1890
1904
1918
1932
1946
1960
1974
1988
2002
2016
2030
2044
2058
2072
2086
2100
2114
2128
2142
2156
2170
2184
2198
2212
2226
2240
2254
2268
2282
2296
2310
2324
2338
2352
2366
2380
2394
2408
2422
2436
2450
2464
2478
2492
2506
2520
2534
2548
2562
2576
2590
2604
2618
2632
2646
2660
2674
2688
2702
2716
2730
2744
2758
2772
2786
2800
2814
2828
2842
2856
2870
2884
2898
2912
2926
2940
2954
2968
2982
2996
3010
3024
3038
3052
3066
3080
3094
3108
3122
3136
3150
3164
3178
3192
3206
3220
3234
3248
3262
3276
3290
3304
3318
3332
3346
1
15
29
43
57
71
85
99
113
127
141
155
169
183
197
211
225
239
253
267
281
295
309
323
337
351
365
379
393
407
421
435
449
463
477
491
505
519
533
547
561
575
589
603
617
631
645
659
673
687
701
715
729
743
757
771
785
799
813
827
841
855
869
883
897
911
925
939
953
967
981
995
1009
1023
1037
1051
1065
1079
1093
1107
1121
1135
1149
1163
1177
1191
1205
1219
1233
1247
1261
1275
1289
1303
1317
1331
1345
1359
1373
1387
1401
1415
1429
1443
1457
1471
1485
1499
1513
1527
1541
1555
1569
1583
1597
1611
1625
1639
1653
1667
1681
1695
1709
1723
1737
1751
1765
1779
1793
1807
1821
1835
1849
1863
1877
1891
1905
1919
1933
1947
1961
1975
1989
2003
2017
2031
2045
2059
2073
2087
2101
2115
2129
2143
2157
2171
2185
2199
2213
2227
2241
2255
2269
2283
2297
2311
2325
2339
2353
2367
2381
2395
2409
2423
2437
2451
2465
2479
2493
2507
2521
2535
2549
2563
2577
2591
2605
2619
2633
2647
2661
2675
2689
2703
2717
2731
2745
2759
2773
2787
2801
2815
2829
2843
2857
2871
2885
2899
2913
2927
2941
2955
2969
2983
2997
3011
3025
3039
3053
3067
3081
3095
3109
3123
3137
3151
3165
3179
3193
3207
3221
3235
3249
3263
3277
3291
3305
3319
3333
3347
2
16
30
44
58
72
86
100
114
128
142
156
170
184
198
212
226
240
254
268
282
296
310
324
338
352
366
380
394
408
422
436
450
464
478
492
506
520
534
548
562
576
590
604
618
632
646
660
674
688
702
716
730
744
758
772
786
800
814
828
842
856
870
884
898
912
926
940
954
968
982
996
1010
1024
1038
1052
1066
1080
1094
1108
1122
1136
1150
1164
1178
1192
1206
1220
1234
1248
1262
1276
1290
1304
1318
1332
1346
1360
1374
1388
1402
1416
1430
1444
1458
1472
1486
1500
1514
1528
1542
1556
1570
1584
1598
1612
1626
1640
1654
1668
1682
1696
1710
1724
1738
1752
1766
1780
1794
1808
1822
1836
1850
1864
1878
1892
1906
1920
1934
1948
1962
1976
1990
2004
2018
2032
2046
2060
2074
2088
2102
2116
2130
2144
2158
2172
2186
2200
2214
2228
2242
2256
2270
2284
2298
2312
2326
2340
2354
2368
2382
2396
2410
2424
2438
2452
2466
2480
2494
2508
2522
2536
2550
2564
2578
2592
2606
2620
2634
2648
2662
2676
2690
2704
2718
2732
2746
2760
2774
2788
2802
2816
2830
2844
2858
2872
2886
2900
2914
2928
2942
2956
2970
2984
2998
3012
3026
3040
3054
3068
3082
3096
3110
3124
3138
3152
3166
3180
3194
3208
3222
3236
3250
3264
3278
3292
3306
3320
3334
3348
3
17
31
45
59
73
87
101
115
129
143
157
171
185
199
213
227
241
255
269
283
297
311
325
339
353
367
381
395
409
423
437
451
465
479
493
507
521
535
549
563
577
591
605
619
633
647
661
675
689
703
717
731
745
759
773
787
801
815
829
843
857
871
885
899
913
927
941
955
969
983
997
1011
1025
1039
1053
1067
1081
1095
1109
1123
1137
1151
1165
1179
1193
1207
1221
1235
1249
1263
1277
1291
1305
1319
1333
1347
1361
1375
1389
1403
1417
1431
1445
1459
1473
1487
1501
1515
1529
1543
1557
1571
1585
1599
1613
1627
1641
1655
1669
1683
1697
1711
1725
1739
1753
1767
1781
1795
1809
1823
1837
1851
1865
1879
1893
1907
1921
1935
1949
1963
1977
1991
2005
2019
2033
2047
2061
2075
2089
2103
2117
2131
2145
2159
2173
2187
2201
2215
2229
2243
2257
2271
2285
2299
2313
2327
2341
2355
2369
2383
2397
2411
2425
2439
2453
2467
2481
2495
2509
2523
2537
2551
2565
2579
2593
2607
2621
2635
2649
2663
2677
2691
2705
2719
2733
2747
2761
2775
2789
2803
2817
2831
2845
2859
2873
2887
2901
2915
2929
2943
2957
2971
2985
2999
3013
3027
3041
3055
3069
3083
3097
3111
3125
3139
3153
3167
3181
3195
3209
3223
3237
3251
3265
3279
3293
3307
3321
3335
3349
4
18
32
46
60
74
88
102
116
130
144
158
172
186
200
214
228
242
256
270
284
298
312
326
340
354
368
382
396
410
424
438
452
466
480
494
508
522
536
550
564
578
592
606
620
634
648
662
676
690
704
718
732
746
760
774
788
802
816
830
844
858
872
886
900
914
928
942
956
970
984
998
1012
1026
1040
1054
1068
1082
1096
1110
1124
1138
1152
1166
1180
1194
1208
1222
1236
1250
1264
1278
1292
1306
1320
1334
1348
1362
1376
1390
1404
1418
1432
1446
1460
1474
1488
1502
1516
1530
1544
1558
1572
1586
1600
1614
1628
1642
1656
1670
1684
1698
1712
1726
1740
1754
1768
1782
1796
1810
1824
1838
1852
1866
1880
1894
1908
1922
1936
1950
1964
1978
1992
2006
2020
2034
2048
2062
2076
2090
2104
2118
2132
2146
2160
2174
2188
2202
2216
2230
2244
2258
2272
2286
2300
2314
2328
2342
2356
2370
2384
2398
2412
2426
2440
2454
2468
2482
2496
2510
2524
2538
2552
2566
2580
2594
2608
2622
2636
2650
2664
2678
2692
2706
2720
2734
2748
2762
2776
2790
2804
2818
2832
2846
2860
2874
2888
2902
2916
2930
2944
2958
2972
2986
3000
3014
3028
3042
3056
3070
3084
3098
3112
3126
3140
3154
3168
3182
3196
3210
3224
3238
3252
3266
3280
3294
3308
3322
3336
3350
5
19
33
47
61
75
89
103
117
131
145
159
173
187
201
215
229
243
257
271
285
299
313
327
341
355
369
383
397
411
425
439
453
467
481
495
509
523
537
551
565
579
593
607
621
635
649
663
677
691
705
719
733
747
761
775
789
803
817
831
845
859
873
887
901
915
929
943
957
971
985
999
1013
1027
1041
1055
1069
1083
1097
1111
1125
1139
1153
1167
1181
1195
1209
1223
1237
1251
1265
1279
1293
1307
1321
1335
1349
1363
1377
1391
1405
1419
1433
1447
1461
1475
1489
1503
1517
1531
1545
1559
1573
1587
1601
1615
1629
1643
1657
1671
1685
1699
1713
1727
1741
1755
1769
1783
1797
1811
1825
1839
1853
1867
1881
1895
1909
1923
1937
1951
1965
1979
1993
2007
2021
2035
2049
2063
2077
2091
2105
2119
2133
2147
2161
2175
2189
2203
2217
2231
2245
2259
2273
2287
2301
2315
2329
2343
2357
2371
2385
2399
2413
2427
2441
2455
2469
2483
2497
2511
2525
2539
2553
2567
2581
2595
2609
2623
2637
2651
2665
2679
2693
2707
2721
2735
2749
2763
2777
2791
2805
2819
2833
2847
2861
2875
2889
2903
2917
2931
2945
2959
2973
2987
3001
3015
3029
3043
3057
3071
3085
3099
3113
3127
3141
3155
3169
3183
3197
3211
3225
3239
3253
3267
3281
3295
3309
3323
3337
3351
6
20
34
48
62
76
90
104
118
132
146
160
174
188
202
216
230
244
258
272
286
300
314
328
342
356
370
384
398
412
426
440
454
468
482
496
510
524
538
552
566
580
594
608
622
636
650
664
678
692
706
720
734
748
762
776
790
804
818
832
846
860
874
888
902
916
930
944
958
972
986
1000
1014
1028
1042
1056
1070
1084
1098
1112
1126
1140
1154
1168
1182
1196
1210
1224
1238
1252
1266
1280
1294
1308
1322
1336
1350
1364
1378
1392
1406
1420
1434
1448
1462
1476
1490
1504
1518
1532
1546
1560
1574
1588
1602
1616
1630
1644
1658
1672
1686
1700
1714
1728
1742
1756
1770
1784
1798
1812
1826
1840
1854
1868
1882
1896
1910
1924
1938
1952
1966
1980
1994
2008
2022
2036
2050
2064
2078
2092
2106
2120
2134
2148
2162
2176
2190
2204
2218
2232
2246
2260
2274
2288
2302
2316
2330
2344
2358
2372
2386
2400
2414
2428
2442
2456
2470
2484
2498
2512
2526
2540
2554
2568
2582
2596
2610
2624
2638
2652
2666
2680
2694
2708
2722
2736
2750
2764
2778
2792
2806
2820
2834
2848
2862
2876
2890
2904
2918
2932
2946
2960
2974
2988
3002
3016
3030
3044
3058
3072
3086
3100
3114
3128
3142
3156
3170
3184
3198
3212
3226
3240
3254
3268
3282
3296
3310
3324
3338
3352
7
21
35
49
63
77
91
105
119
133
147
161
175
189
203
217
231
245
259
273
287
301
315
329
343
357
371
385
399
413
427
441
455
469
483
497
511
525
539
553
567
581
595
609
623
637
651
665
679
693
707
721
735
749
763
777
791
805
819
833
847
861
875
889
903
917
931
945
959
973
987
1001
1015
1029
1043
1057
1071
1085
1099
1113
1127
1141
1155
1169
1183
1197
1211
1225
1239
1253
1267
1281
1295
1309
1323
1337
1351
1365
1379
1393
1407
1421
1435
1449
1463
1477
1491
1505
1519
1533
1547
1561
1575
1589
1603
1617
1631
1645
1659
1673
1687
1701
1715
1729
1743
1757
1771
1785
1799
1813
1827
1841
1855
1869
1883
1897
1911
1925
1939
1953
1967
1981
1995
2009
2023
2037
2051
2065
2079
2093
2107
2121
2135
2149
2163
2177
2191
2205
2219
2233
2247
2261
2275
2289
2303
2317
2331
2345
2359
2373
2387
2401
2415
2429
2443
2457
2471
2485
2499
2513
2527
2541
2555
2569
2583
2597
2611
2625
2639
2653
2667
2681
2695
2709
2723
2737
2751
2765
2779
2793
2807
2821
2835
2849
2863
2877
2891
2905
2919
2933
2947
2961
2975
2989
3003
3017
3031
3045
3059
3073
3087
3101
3115
3129
3143
3157
3171
3185
3199
3213
3227
3241
3255
3269
3283
3297
3311
3325
3339
3353
8
22
36
50
64
78
92
106
120
134
148
162
176
190
204
218
232
246
260
274
288
302
316
330
344
358
372
386
400
414
428
442
456
470
484
498
512
526
540
554
568
582
596
610
624
638
652
666
680
694
708
722
736
750
764
778
792
806
820
834
848
862
876
890
904
918
932
946
960
974
988
1002
1016
1030
1044
1058
1072
1086
1100
1114
1128
1142
1156
1170
1184
1198
1212
1226
1240
1254
1268
1282
1296
1310
1324
1338
1352
1366
1380
1394
1408
1422
1436
1450
1464
1478
1492
1506
1520
1534
1548
1562
1576
1590
1604
1618
1632
1646
1660
1674
1688
1702
1716
1730
1744
1758
1772
1786
1800
1814
1828
1842
1856
1870
1884
1898
1912
1926
1940
1954
1968
1982
1996
2010
2024
2038
2052
2066
2080
2094
2108
2122
2136
2150
2164
2178
2192
2206
2220
2234
2248
2262
2276
2290
2304
2318
2332
2346
2360
2374
2388
2402
2416
2430
2444
2458
2472
2486
2500
2514
2528
2542
2556
2570
2584
2598
2612
2626
2640
2654
2668
2682
2696
2710
2724
2738
2752
2766
2780
2794
2808
2822
2836
2850
2864
2878
2892
2906
2920
2934
2948
2962
2976
2990
3004
3018
3032
3046
3060
3074
3088
3102
3116
3130
3144
3158
3172
3186
3200
3214
3228
3242
3256
3270
3284
3298
3312
3326
3340
3354
9
23
37
51
65
79
93
107
121
135
149
163
177
191
205
219
233
247
261
275
289
303
317
331
345
359
373
387
401
415
429
443
457
471
485
499
513
527
541
555
569
583
597
611
625
639
653
667
681
695
709
723
737
751
765
779
793
807
821
835
849
863
877
891
905
919
933
947
961
975
989
1003
1017
1031
1045
1059
1073
1087
1101
1115
1129
1143
1157
1171
1185
1199
1213
1227
1241
1255
1269
1283
1297
1311
1325
1339
1353
1367
1381
1395
1409
1423
1437
1451
1465
1479
1493
1507
1521
1535
1549
1563
1577
1591
1605
1619
1633
1647
1661
1675
1689
1703
1717
1731
1745
1759
1773
1787
1801
1815
1829
1843
1857
1871
1885
1899
1913
1927
1941
1955
1969
1983
1997
2011
2025
2039
2053
2067
2081
2095
2109
2123
2137
2151
2165
2179
2193
2207
2221
2235
2249
2263
2277
2291
2305
2319
2333
2347
2361
2375
2389
2403
2417
2431
2445
2459
2473
2487
2501
2515
2529
2543
2557
2571
2585
2599
2613
2627
2641
2655
2669
2683
2697
2711
2725
2739
2753
2767
2781
2795
2809
2823
2837
2851
2865
2879
2893
2907
2921
2935
2949
2963
2977
2991
3005
3019
3033
3047
3061
3075
3089
3103
3117
3131
3145
3159
3173
3187
3201
3215
3229
3243
3257
3271
3285
3299
3313
3327
3341
3355
10
24
38
52
66
80
94
108
122
136
150
164
178
192
206
220
234
248
262
276
290
304
318
332
346
360
374
388
402
416
430
444
458
472
486
500
514
528
542
556
570
584
598
612
626
640
654
668
682
696
710
724
738
752
766
780
794
808
822
836
850
864
878
892
906
920
934
948
962
976
990
1004
1018
1032
1046
1060
1074
1088
1102
1116
1130
1144
1158
1172
1186
1200
1214
1228
1242
1256
1270
1284
1298
1312
1326
1340
1354
1368
1382
1396
1410
1424
1438
1452
1466
1480
1494
1508
1522
1536
1550
1564
1578
1592
1606
1620
1634
1648
1662
1676
1690
1704
1718
1732
1746
1760
1774
1788
1802
1816
1830
1844
1858
1872
1886
1900
1914
1928
1942
1956
1970
1984
1998
2012
2026
2040
2054
2068
2082
2096
2110
2124
2138
2152
2166
2180
2194
2208
2222
2236
2250
2264
2278
2292
2306
2320
2334
2348
2362
2376
2390
2404
2418
2432
2446
2460
2474
2488
2502
2516
2530
2544
2558
2572
2586
2600
2614
2628
2642
2656
2670
2684
2698
2712
2726
2740
2754
2768
2782
2796
2810
2824
2838
2852
2866
2880
2894
2908
2922
2936
2950
2964
2978
2992
3006
3020
3034
3048
3062
3076
3090
3104
3118
3132
3146
3160
3174
3188
3202
3216
3230
3244
3258
3272
3286
3300
3314
3328
3342
3356
11
25
39
53
67
81
95
109
123
137
151
165
179
193
207
221
235
249
263
277
291
305
319
333
347
361
375
389
403
417
431
445
459
473
487
501
515
529
543
557
571
585
599
613
627
641
655
669
683
697
711
725
739
753
767
781
795
809
823
837
851
865
879
893
907
921
935
949
963
977
991
1005
1019
1033
1047
1061
1075
1089
1103
1117
1131
1145
1159
1173
1187
1201
1215
1229
1243
1257
1271
1285
1299
1313
1327
1341
1355
1369
1383
1397
1411
1425
1439
1453
1467
1481
1495
1509
1523
1537
1551
1565
1579
1593
1607
1621
1635
1649
1663
1677
1691
1705
1719
1733
1747
1761
1775
1789
1803
1817
1831
1845
1859
1873
1887
1901
1915
1929
1943
1957
1971
1985
1999
2013
2027
2041
2055
2069
2083
2097
2111
2125
2139
2153
2167
2181
2195
2209
2223
2237
2251
2265
2279
2293
2307
2321
2335
2349
2363
2377
2391
2405
2419
2433
2447
2461
2475
2489
2503
2517
2531
2545
2559
2573
2587
2601
2615
2629
2643
2657
2671
2685
2699
2713
2727
2741
2755
2769
2783
2797
2811
2825
2839
2853
2867
2881
2895
2909
2923
2937
2951
2965
2979
2993
3007
3021
3035
3049
3063
3077
3091
3105
3119
3133
3147
3161
3175
3189
3203
3217
3231
3245
3259
3273
3287
3301
3315
3329
3343
3357
12
26
40
54
68
82
96
110
124
138
152
166
180
194
208
222
236
250
264
278
292
306
320
334
348
362
376
390
404
418
432
446
460
474
488
502
516
530
544
558
572
586
600
614
628
642
656
670
684
698
712
726
740
754
768
782
796
810
824
838
852
866
880
894
908
922
936
950
964
978
992
1006
1020
1034
1048
1062
1076
1090
1104
1118
1132
1146
1160
1174
1188
1202
1216
1230
1244
1258
1272
1286
1300
1314
1328
1342
1356
1370
1384
1398
1412
1426
1440
1454
1468
1482
1496
1510
1524
1538
1552
1566
1580
1594
1608
1622
1636
1650
1664
1678
1692
1706
1720
1734
1748
1762
1776
1790
1804
1818
1832
1846
1860
1874
1888
1902
1916
1930
1944
1958
1972
1986
2000
2014
2028
2042
2056
2070
2084
2098
2112
2126
2140
2154
2168
2182
2196
2210
2224
2238
2252
2266
2280
2294
2308
2322
2336
2350
2364
2378
2392
2406
2420
2434
2448
2462
2476
2490
2504
2518
2532
2546
2560
2574
2588
2602
2616
2630
2644
2658
2672
2686
2700
2714
2728
2742
2756
2770
2784
2798
2812
2826
2840
2854
2868
2882
2896
2910
2924
2938
2952
2966
2980
2994
3008
3022
3036
3050
3064
3078
3092
3106
3120
3134
3148
3162
3176
3190
3204
3218
3232
3246
3260
3274
3288
3302
3316
3330
3344
3358
13
27
41
55
69
83
97
111
125
139
153
167
181
195
209
223
237
251
265
279
293
307
321
335
349
363
377
391
405
419
433
447
461
475
489
503
517
531
545
559
573
587
601
615
629
643
657
671
685
699
713
727
741
755
769
783
797
811
825
839
853
867
881
895
909
923
937
951
965
979
993
1007
1021
1035
1049
1063
1077
1091
1105
1119
1133
1147
1161
1175
1189
1203
1217
1231
1245
1259
1273
1287
1301
1315
1329
1343
1357
1371
1385
1399
1413
1427
1441
1455
1469
1483
1497
1511
1525
1539
1553
1567
1581
1595
1609
1623
1637
1651
1665
1679
1693
1707
1721
1735
1749
1763
1777
1791
1805
1819
1833
1847
1861
1875
1889
1903
1917
1931
1945
1959
1973
1987
2001
2015
2029
2043
2057
2071
2085
2099
2113
2127
2141
2155
2169
2183
2197
2211
2225
2239
2253
2267
2281
2295
2309
2323
2337
2351
2365
2379
2393
2407
2421
2435
2449
2463
2477
2491
2505
2519
2533
2547
2561
2575
2589
2603
2617
2631
2645
2659
2673
2687
2701
2715
2729
2743
2757
2771
2785
2799
2813
2827
2841
2855
2869
2883
2897
2911
2925
2939
2953
2967
2981
2995
3009
3023
3037
3051
3065
3079
3093
3107
3121
3135
3149
3163
3177
3191
3205
3219
3233
3247
3261
3275
3289
3303
3317
3331
3345
3359
0
14
28
42
56
70
84
98
112
126
140
154
168
182
196
210
224
238
252
266
280
294
308
322
336
350
364
378
392
406
420
434
448
462
476
490
504
518
532
546
560
574
588
602
616
630
644
658
672
686
700
714
728
742
756
770
784
798
812
826
840
854
868
882
896
910
924
938
952
966
980
994
1008
1022
1036
1050
1064
1078
1092
1106
1120
1134
1148
1162
1176
1190
1204
1218
1232
1246
1260
1274
1288
1302
1316
1330
1344
1358
1372
1386
1400
1414
1428
1442
1456
1470
1484
1498
1512
1526
1540
1554
1568
1582
1596
1610
1624
1638
1652
1666
1680
1694
1708
1722
1736
1750
1764
1778
1792
1806
1820
1834
1848
1862
1876
1890
1904
1918
1932
1946
1960
1974
1988
2002
2016
2030
2044
2058
2072
2086
2100
2114
2128
2142
2156
2170
2184
2198
2212
2226
2240
2254
2268
2282
2296
2310
2324
2338
2352
2366
2380
2394
2408
2422
2436
2450
2464
2478
2492
2506
2520
2534
2548
2562
2576
2590
2604
2618
2632
2646
2660
2674
2688
2702
2716
2730
2744
2758
2772
2786
2800
2814
2828
2842
2856
2870
2884
2898
2912
2926
2940
2954
2968
2982
2996
3010
3024
3038
3052
3066
3080
3094
3108
3122
3136
3150
3164
3178
3192
3206
3220
3234
3248
3262
3276
3290
3304
3318
3332
3346
)


// ************************************************************************* //
